0.00000000009481463048
0.00000000009481463048
0.00000000004519545893
0.00000000004519545893
0.00000000004519545893
0.00000000004519545893
0.00000000004519545893
0.00000000004519545893
0.00000000004519545893
0.00000000004519545893
0.00000000004519545893
0.00000000004519545893
0.00000000004519545893
0.00000000004519545893
0.00000000004519545893
0.00000000004519545893
0.00000000004519545893
0.00000000004800312182
0.00000000004519545893
0.00000000010885952863
0.00000000010885952863
0.00000000009662997370
0.00000000009662997370
0.00000000009653988001
0.00000000009653988001
0.00000000007914237924
0.00000000007914237924
0.00000000003249349250
0.00000000003249349250
0.00000000007643442728
0.00000000007643442728
0.00000000007951536523
0.00000000007951536523
0.00000000005800237190
0.00000000005800237190
0.00000000004519545893
0.00000000008370340215
0.00000000008370340215
0.00000000004182381203
0.00000000008263381066
0.00000000008263381066
0.00000000004519545893
0.00000000004343660552
0.00000000008337499952
0.00000000008337499952
0.00000000004144561065
0.00000000008270624717
0.00000000008270624717
0.00000000004519545893
0.00000000004391010058
0.00000000008366730652
0.00000000008366730652
0.00000000004242839827
0.00000000008274304587
0.00000000008274304587
0.00000000004519545893
0.00000000003963354340
0.00000000010983886197
0.00000000010983886197
0.00000000009689919406
0.00000000009689919406
0.00000000003279716157
0.00000000010751625368
0.00000000010751625368
0.00000000008094000983
0.00000000008094000983
0.00000000006239896959
0.00000000006239896959
0.00000000002901361766
0.00000000010847458112
0.00000000010847458112
0.00000000009738860289
0.00000000009738860289
0.00000000004198962346
0.00000000008252337040
0.00000000008252337040
0.00000000004519545893
0.00000000008369890903
0.00000000008369890903
0.00000000004195884239
0.00000000008258799862
0.00000000008258799862
0.00000000004519545893
0.00000000004342309174
0.00000000008337354188
0.00000000008337354188
0.00000000004158017629
0.00000000008263227079
0.00000000008263227079
0.00000000004519545893
0.00000000004387497930
0.00000000008367744058
0.00000000008367744058
0.00000000004258347407
0.00000000008270498222
0.00000000008270498222
0.00000000004519545893
0.00000000003961986874
0.00000000010814293467
0.00000000010814293467
0.00000000009750270938
0.00000000009750270938
0.00000000003247578906
0.00000000010746125976
0.00000000010746125976
0.00000000008648946749
0.00000000008648946749
0.00000000006235525723
0.00000000006235525723
0.00000000003024002501
0.00000000010923349311
0.00000000010923349311
0.00000000009742629968
0.00000000009742629968
0.00000000004150075268
0.00000000008274300729
0.00000000008274300729
0.00000000004519545893
0.00000000008369533573
0.00000000008369533573
0.00000000004146240021
0.00000000008274858638
0.00000000008274858638
0.00000000004519545893
0.00000000004340515242
0.00000000008338399855
0.00000000008338399855
0.00000000004108435981
0.00000000008284274923
0.00000000008284274923
0.00000000004519545893
0.00000000004387297323
0.00000000008368653495
0.00000000008368653495
0.00000000004207699798
0.00000000008291080956
0.00000000008291080956
0.00000000004519545893
0.00000000003961133537
0.00000000010712083752
0.00000000010712083752
0.00000000009753280792
0.00000000009753280792
0.00000000003277429635
0.00000000010793951957
0.00000000010793951957
0.00000000008431523680
0.00000000008431523680
0.00000000006227372903
0.00000000006227372903
0.00000000003324016310
0.00000000010890761811
0.00000000010890761811
0.00000000009726268727
0.00000000009726268727
0.00000000004163285813
0.00000000008265533622
0.00000000008265533622
0.00000000004519545893
0.00000000008368896326
0.00000000008368896326
0.00000000004160345968
0.00000000008272752543
0.00000000008272752543
0.00000000004519545893
0.00000000004340284768
0.00000000008337423176
0.00000000008337423176
0.00000000004122245475
0.00000000008279504418
0.00000000008279504418
0.00000000004519545893
0.00000000004386229846
0.00000000008367449252
0.00000000008367449252
0.00000000004222109319
0.00000000008283059974
0.00000000008283059974
0.00000000004519545893
0.00000000003957516239
0.00000000010983235830
0.00000000010983235830
0.00000000009809729972
0.00000000009809729972
0.00000000003246115960
0.00000000010674597861
0.00000000010674597861
0.00000000008823212655
0.00000000008823212655
0.00000000006258647379
0.00000000006258647379
0.00000000003401839299
0.00000000010965272147
0.00000000010965272147
0.00000000007932026121
0.00000000007932026121
0.00000000005813327954
0.00000000005813327954
0.00000000004519545893
0.00000000003256737776
0.00000000009420046672
0.00000000009420046672
0.00000000004519545893
0.00000000008183476900
0.00000000008183476900
0.00000000004675924606
0.00000000004519545893
0.00000000004519545893
0.00000000008318531575
0.00000000008318531575
0.00000000003347397897
0.00000000010757706773
0.00000000010757706773
0.00000000008524687346
0.00000000008524687346
0.00000000006266045733
0.00000000006266045733
0.00000000004762650609
0.00000000004903009307
0.00000000008263004556
0.00000000008263004556
0.00000000004519545893
0.00000000008764855412
0.00000000008764855412
0.00000000003970873388
0.00000000008733696652
0.00000000008733696652
0.00000000004519545893
0.00000000005002487688
0.00000000004707730631
0.00000000008311899047
0.00000000008311899047
0.00000000004519545893
0.00000000008751370580
0.00000000008751370580
0.00000000004058470787
0.00000000008726172030
0.00000000008726172030
0.00000000004519545893
0.00000000005002799335
0.00000000004560195265
0.00000000008359384864
0.00000000008359384864
0.00000000004519545893
0.00000000008765492388
0.00000000008765492388
0.00000000004037811689
0.00000000008728571875
0.00000000008728571875
0.00000000004519545893
0.00000000008349257893
0.00000000008349257893
0.00000000004519545893
0.00000000008745902994
0.00000000008745902994
0.00000000003629975134
0.00000000010907936842
0.00000000010907936842
0.00000000009729593785
0.00000000009729593785
0.00000000003238131611
0.00000000010752207381
0.00000000010752207381
0.00000000008430677906
0.00000000008430677906
0.00000000006250696494
0.00000000006250696494
0.00000000004801879705
0.00000000004859790087
0.00000000008261506465
0.00000000008261506465
0.00000000004519545893
0.00000000008769984719
0.00000000008769984719
0.00000000003735791632
0.00000000008725064055
0.00000000008725064055
0.00000000004519545893
0.00000000005003781924
0.00000000004712212911
0.00000000008312034021
0.00000000008312034021
0.00000000004519545893
0.00000000008746395417
0.00000000008746395417
0.00000000004058921336
0.00000000008729922563
0.00000000008729922563
0.00000000004519545893
0.00000000005003031346
0.00000000004556669827
0.00000000008360054891
0.00000000008360054891
0.00000000004519545893
0.00000000008769080555
0.00000000008769080555
0.00000000004060070828
0.00000000008731355123
0.00000000008731355123
0.00000000004519545893
0.00000000008349883929
0.00000000008349883929
0.00000000004519545893
0.00000000008751062654
0.00000000008751062654
0.00000000003643767397
0.00000000010908160528
0.00000000010908160528
0.00000000009734509585
0.00000000009734509585
0.00000000003268606493
0.00000000010800033362
0.00000000010800033362
0.00000000008534690115
0.00000000008534690115
0.00000000006249368969
0.00000000006249368969
0.00000000004797723321
0.00000000004852431598
0.00000000008263529300
0.00000000008263529300
0.00000000004519545893
0.00000000008765803878
0.00000000008765803878
0.00000000004183397458
0.00000000008730762343
0.00000000008730762343
0.00000000004519545893
0.00000000005002193180
0.00000000004711670215
0.00000000008312259470
0.00000000008312259470
0.00000000004519545893
0.00000000008746835805
0.00000000008746835805
0.00000000004061936931
0.00000000008733739328
0.00000000008733739328
0.00000000004519545893
0.00000000005002569144
0.00000000004558725630
0.00000000008359719877
0.00000000008359719877
0.00000000004519545893
0.00000000008760004582
0.00000000008760004582
0.00000000004056113594
0.00000000008735861771
0.00000000008735861771
0.00000000004519545893
0.00000000008348378514
0.00000000008348378514
0.00000000004519545893
0.00000000008758898033
0.00000000008758898033
0.00000000003638134020
0.00000000010911242427
0.00000000010911242427
0.00000000009792643085
0.00000000009792643085
0.00000000003234500014
0.00000000010719124932
0.00000000010719124932
0.00000000008500692083
0.00000000008500692083
0.00000000006237250165
0.00000000006237250165
0.00000000004804420758
0.00000000004859578289
0.00000000008262351188
0.00000000008262351188
0.00000000004519545893
0.00000000008766013165
0.00000000008766013165
0.00000000003885644511
0.00000000008731373957
0.00000000008731373957
0.00000000004519545893
0.00000000005000341461
0.00000000004717305128
0.00000000008311974043
0.00000000008311974043
0.00000000004519545893
0.00000000008752995889
0.00000000008752995889
0.00000000004063029197
0.00000000008734305860
0.00000000008734305860
0.00000000004519545893
0.00000000005003049233
0.00000000004556673896
0.00000000008359328114
0.00000000008359328114
0.00000000004519545893
0.00000000008760488381
0.00000000008760488381
0.00000000004050231029
0.00000000008726645755
0.00000000008726645755
0.00000000004519545893
0.00000000008350088983
0.00000000008350088983
0.00000000004519545893
0.00000000008762468837
0.00000000008762468837
0.00000000003645489926
0.00000000010908422984
0.00000000010908422984
0.00000000009726104395
0.00000000009726104395
0.00000000003295979405
0.00000000010806881606
0.00000000010806881606
0.00000000008455533783
0.00000000008455533783
0.00000000006255197946
0.00000000006255197946
0.00000000004799371234
0.00000000004850521221
0.00000000008262393978
0.00000000008262393978
0.00000000004519545893
0.00000000008773614724
0.00000000008773614724
0.00000000003979728113
0.00000000008732132861
0.00000000008732132861
0.00000000004519545893
0.00000000005002579242
0.00000000004712643688
0.00000000008311201895
0.00000000008311201895
0.00000000004519545893
0.00000000008756232052
0.00000000008756232052
0.00000000004056127163
0.00000000008725968377
0.00000000008725968377
0.00000000004519545893
0.00000000005003337133
0.00000000004562288998
0.00000000008358741514
0.00000000008358741514
0.00000000004519545893
0.00000000008760126701
0.00000000008760126701
0.00000000004056366837
0.00000000008727718485
0.00000000008727718485
0.00000000004519545893
0.00000000008349736931
0.00000000008349736931
0.00000000004519545893
0.00000000008755095121
0.00000000008755095121
0.00000000003645220114
0.00000000010913233734
0.00000000010913233734
0.00000000009783471370
0.00000000009783471370
0.00000000003264784479
0.00000000010801382214
0.00000000010801382214
0.00000000008687848496
0.00000000008687848496
0.00000000006242348468
0.00000000006242348468
0.00000000004803434709
0.00000000004860315920
0.00000000008262757157
0.00000000008262757157
0.00000000004519545893
0.00000000008771954856
0.00000000008771954856
0.00000000003853169876
0.00000000008726015637
0.00000000008726015637
0.00000000004519545893
0.00000000005001456862
0.00000000004710773688
0.00000000008311553847
0.00000000008311553847
0.00000000004519545893
0.00000000008750361218
0.00000000008750361218
0.00000000004050932793
0.00000000008727780655
0.00000000008727780655
0.00000000004519545893
0.00000000005002265676
0.00000000004559889715
0.00000000008359773448
0.00000000008359773448
0.00000000004519545893
0.00000000008759525665
0.00000000008759525665
0.00000000004061916349
0.00000000008728216755
0.00000000008728216755
0.00000000004519545893
0.00000000008349232894
0.00000000008349232894
0.00000000004519545893
0.00000000008751146944
0.00000000008751146944
0.00000000003634784731
0.00000000010910598864
0.00000000010910598864
0.00000000009789299304
0.00000000009789299304
0.00000000003290620689
0.00000000010849208194
0.00000000010849208194
0.00000000008459164110
0.00000000008459164110
0.00000000006241836802
0.00000000006241836802
0.00000000004800866577
0.00000000004857925906
0.00000000008261564594
0.00000000008261564594
0.00000000004519545893
0.00000000008762192009
0.00000000008762192009
0.00000000004269461076
0.00000000008728087620
0.00000000008728087620
0.00000000004519545893
0.00000000005003102476
0.00000000004705586514
0.00000000008312358387
0.00000000008312358387
0.00000000004519545893
0.00000000008752978660
0.00000000008752978660
0.00000000004059656798
0.00000000008727311181
0.00000000008727311181
0.00000000004519545893
0.00000000005002351408
0.00000000004557755035
0.00000000008360005068
0.00000000008360005068
0.00000000004519545893
0.00000000008771540228
0.00000000008771540228
0.00000000004055164752
0.00000000008731892279
0.00000000008731892279
0.00000000004519545893
0.00000000008348914138
0.00000000008348914138
0.00000000004519545893
0.00000000008759203466
0.00000000008759203466
0.00000000003638905727
0.00000000010910816667
0.00000000010910816667
0.00000000009847159611
0.00000000009847159611
0.00000000003259884540
0.00000000010668105903
0.00000000010668105903
0.00000000008760342143
0.00000000008760342143
0.00000000006241716881
0.00000000006241716881
0.00000000004797723732
0.00000000004853418128
0.00000000008262228823
0.00000000008262228823
0.00000000004519545893
0.00000000008761550552
0.00000000008761550552
0.00000000004257230410
0.00000000008728970001
0.00000000008728970001
0.00000000004519545893
0.00000000005003431124
0.00000000004709272786
0.00000000008312180379
0.00000000008312180379
0.00000000004519545893
0.00000000008753766780
0.00000000008753766780
0.00000000004059391305
0.00000000008732748857
0.00000000008732748857
0.00000000004519545893
0.00000000005002275877
0.00000000004561850038
0.00000000008358698228
0.00000000008358698228
0.00000000004519545893
0.00000000008769899806
0.00000000008769899806
0.00000000004048387232
0.00000000008726110985
0.00000000008726110985
0.00000000004519545893
0.00000000008348983127
0.00000000008348983127
0.00000000004519545893
0.00000000008758752126
0.00000000008758752126
0.00000000003631467382
0.00000000010904399054
0.00000000010904399054
0.00000000009506892497
0.00000000009506892497
0.00000000003189739555
0.00000000010720682015
0.00000000010720682015
0.00000000009565737841
0.00000000009565737841
0.00000000004721225269
0.00000000004519545893
0.00000000004519545893
0.00000000008343296183
0.00000000008343296183
0.00000000003269657923
0.00000000010753155519
0.00000000010753155519
0.00000000008478022304
0.00000000008478022304
0.00000000006275165039
0.00000000006275165039
0.00000000004802069828
0.00000000004860461280
0.00000000008261660056
0.00000000008261660056
0.00000000004519545893
0.00000000008764022586
0.00000000008764022586
0.00000000004111757976
0.00000000008731300324
0.00000000008731300324
0.00000000004519545893
0.00000000005003296758
0.00000000004713742483
0.00000000008311764414
0.00000000008311764414
0.00000000004519545893
0.00000000008753969393
0.00000000008753969393
0.00000000004055646727
0.00000000008728059722
0.00000000008728059722
0.00000000004519545893
0.00000000005002921587
0.00000000004557838147
0.00000000008359979981
0.00000000008359979981
0.00000000004519545893
0.00000000008767449965
0.00000000008767449965
0.00000000004048994825
0.00000000008729569589
0.00000000008729569589
0.00000000004519545893
0.00000000008349476849
0.00000000008349476849
0.00000000004519545893
0.00000000008748328263
0.00000000008748328263
0.00000000003628560859
0.00000000010905520607
0.00000000010905520607
0.00000000009719024626
0.00000000009719024626
0.00000000003157977087
0.00000000010747656127
0.00000000010747656127
0.00000000008465178435
0.00000000008465178435
0.00000000006253329487
0.00000000006253329487
0.00000000004802831294
0.00000000004862436722
0.00000000008262155670
0.00000000008262155670
0.00000000004519545893
0.00000000008775613102
0.00000000008775613102
0.00000000004044605895
0.00000000008728757617
0.00000000008728757617
0.00000000004519545893
0.00000000005002575375
0.00000000004710500073
0.00000000008311891539
0.00000000008311891539
0.00000000004519545893
0.00000000008761902118
0.00000000008761902118
0.00000000004046703976
0.00000000008728520615
0.00000000008728520615
0.00000000004519545893
0.00000000005002589436
0.00000000004557336313
0.00000000008359871392
0.00000000008359871392
0.00000000004519545893
0.00000000008779394925
0.00000000008779394925
0.00000000004043847071
0.00000000008735485222
0.00000000008735485222
0.00000000004519545893
0.00000000008348617396
0.00000000008348617396
0.00000000004519545893
0.00000000008755939342
0.00000000008755939342
0.00000000003634030202
0.00000000010903560000
0.00000000010903560000
0.00000000009723031374
0.00000000009723031374
0.00000000003191681509
0.00000000010795482107
0.00000000010795482107
0.00000000008572727572
0.00000000008572727572
0.00000000006256167612
0.00000000006256167612
0.00000000004797940524
0.00000000004852735160
0.00000000008261782615
0.00000000008261782615
0.00000000004519545893
0.00000000008764265248
0.00000000008764265248
0.00000000003995199449
0.00000000008728675744
0.00000000008728675744
0.00000000004519545893
0.00000000005004012359
0.00000000004705026334
0.00000000008312457998
0.00000000008312457998
0.00000000004519545893
0.00000000008743774595
0.00000000008743774595
0.00000000004062625350
0.00000000008737584936
0.00000000008737584936
0.00000000004519545893
0.00000000005001848209
0.00000000004560452324
0.00000000008358949470
0.00000000008358949470
0.00000000004519545893
0.00000000008779721514
0.00000000008779721514
0.00000000004039067793
0.00000000008731120068
0.00000000008731120068
0.00000000004519545893
0.00000000008348726255
0.00000000008348726255
0.00000000004519545893
0.00000000008763791156
0.00000000008763791156
0.00000000003646572689
0.00000000010912300950
0.00000000010912300950
0.00000000009781511766
0.00000000009781511766
0.00000000003160115950
0.00000000010714573677
0.00000000010714573677
0.00000000008244848482
0.00000000008244848482
0.00000000006241743567
0.00000000006241743567
0.00000000004801240719
0.00000000004857103596
0.00000000008262861017
0.00000000008262861017
0.00000000004519545893
0.00000000008758831091
0.00000000008758831091
0.00000000004224163109
0.00000000008736644075
0.00000000008736644075
0.00000000004519545893
0.00000000005001620490
0.00000000004714319818
0.00000000008311483513
0.00000000008311483513
0.00000000004519545893
0.00000000008744332906
0.00000000008744332906
0.00000000004056552671
0.00000000008732401562
0.00000000008732401562
0.00000000004519545893
0.00000000005003138469
0.00000000004559506965
0.00000000008359280505
0.00000000008359280505
0.00000000004519545893
0.00000000008751829811
0.00000000008751829811
0.00000000004059189316
0.00000000008731127040
0.00000000008731127040
0.00000000004519545893
0.00000000008348761937
0.00000000008348761937
0.00000000004519545893
0.00000000008746691735
0.00000000008746691735
0.00000000003636960682
0.00000000010903962907
0.00000000010903962907
0.00000000009713631339
0.00000000009713631339
0.00000000003217115946
0.00000000010802330351
0.00000000010802330351
0.00000000008774712452
0.00000000008774712452
0.00000000006257989980
0.00000000006257989980
0.00000000004802336771
0.00000000004862317300
0.00000000008261633287
0.00000000008261633287
0.00000000004519545893
0.00000000008767508258
0.00000000008767508258
0.00000000004054468089
0.00000000008724693824
0.00000000008724693824
0.00000000004519545893
0.00000000005001355556
0.00000000004712319388
0.00000000008312603830
0.00000000008312603830
0.00000000004519545893
0.00000000008752846796
0.00000000008752846796
0.00000000004061263084
0.00000000008738452957
0.00000000008738452957
0.00000000004519545893
0.00000000005001830737
0.00000000004555594036
0.00000000008359259215
0.00000000008359259215
0.00000000004519545893
0.00000000008758368381
0.00000000008758368381
0.00000000004058402867
0.00000000008726094884
0.00000000008726094884
0.00000000004519545893
0.00000000008348220887
0.00000000008348220887
0.00000000004519545893
0.00000000008755861359
0.00000000008755861359
0.00000000003637443035
0.00000000010903304554
0.00000000010903304554
0.00000000009772846144
0.00000000009772846144
0.00000000003183328568
0.00000000010796830959
0.00000000010796830959
0.00000000008661420616
0.00000000008661420616
0.00000000006238771215
0.00000000006238771215
0.00000000004802012326
0.00000000004857574464
0.00000000008262374082
0.00000000008262374082
0.00000000004519545893
0.00000000008763137963
0.00000000008763137963
0.00000000003908754198
0.00000000008739338042
0.00000000008739338042
0.00000000004519545893
0.00000000005002119035
0.00000000004718218733
0.00000000008310634463
0.00000000008310634463
0.00000000004519545893
0.00000000008749327032
0.00000000008749327032
0.00000000004052200928
0.00000000008727247579
0.00000000008727247579
0.00000000004519545893
0.00000000005003845860
0.00000000004557153824
0.00000000008359035993
0.00000000008359035993
0.00000000004519545893
0.00000000008771092988
0.00000000008771092988
0.00000000004055067649
0.00000000008726760122
0.00000000008726760122
0.00000000004519545893
0.00000000008348987700
0.00000000008348987700
0.00000000004519545893
0.00000000008751991423
0.00000000008751991423
0.00000000003644952472
0.00000000010906413902
0.00000000010906413902
0.00000000009776546941
0.00000000009776546941
0.00000000003213083598
0.00000000010844656940
0.00000000010844656940
0.00000000008392373576
0.00000000008392373576
0.00000000006258542808
0.00000000006258542808
0.00000000004802820714
0.00000000004857990538
0.00000000008262099739
0.00000000008262099739
0.00000000004519545893
0.00000000008758864213
0.00000000008758864213
0.00000000004007204999
0.00000000008727123534
0.00000000008727123534
0.00000000004519545893
0.00000000005002479267
0.00000000004707829038
0.00000000008311602557
0.00000000008311602557
0.00000000004519545893
0.00000000008762489439
0.00000000008762489439
0.00000000004046746090
0.00000000008725106353
0.00000000008725106353
0.00000000004519545893
0.00000000005003318857
0.00000000004559989444
0.00000000008358996906
0.00000000008358996906
0.00000000004519545893
0.00000000008768426911
0.00000000008768426911
0.00000000004056142433
0.00000000008725871330
0.00000000008725871330
0.00000000004519545893
0.00000000008349428502
0.00000000008349428502
0.00000000004519545893
0.00000000008752466935
0.00000000008752466935
0.00000000003642138746
0.00000000010906093421
0.00000000010906093421
0.00000000009835348845
0.00000000009835348845
0.00000000003177972970
0.00000000010725302844
0.00000000010725302844
0.00000000008617712383
0.00000000008617712383
0.00000000006228959786
0.00000000006228959786
0.00000000004804570485
0.00000000004861796066
0.00000000008261165196
0.00000000008261165196
0.00000000004519545893
0.00000000008775076967
0.00000000008775076967
0.00000000004252044841
0.00000000008725706321
0.00000000008725706321
0.00000000004519545893
0.00000000005003491635
0.00000000004713501652
0.00000000008310973384
0.00000000008310973384
0.00000000004519545893
0.00000000008743801381
0.00000000008743801381
0.00000000004050191303
0.00000000008726178801
0.00000000008726178801
0.00000000004519545893
0.00000000005002778018
0.00000000004558416135
0.00000000008359654859
0.00000000008359654859
0.00000000004519545893
0.00000000008766493539
0.00000000008766493539
0.00000000004064765981
0.00000000008738714333
0.00000000008738714333
0.00000000004519545893
0.00000000008348351811
0.00000000008348351811
0.00000000004519545893
0.00000000008747104618
0.00000000008747104618
0.00000000003636572322
0.00000000010910028620
0.00000000010910028620
0.00000000009566236743
0.00000000009566236743
0.00000000003188299094
0.00000000010692669641
0.00000000010692669641
0.00000000009511753240
0.00000000009511753240
0.00000000004688004050
0.00000000004519545893
0.00000000004519545893
0.00000000008361914645
0.00000000008361914645
0.00000000003293938772
0.00000000010808411757
0.00000000010808411757
0.00000000008273206167
0.00000000008273206167
0.00000000006264163448
0.00000000006264163448
0.00000000004802476801
0.00000000004859993255
0.00000000008262470106
0.00000000008262470106
0.00000000004519545893
0.00000000008759580886
0.00000000008759580886
0.00000000004318296430
0.00000000008726822444
0.00000000008726822444
0.00000000004519545893
0.00000000005001204330
0.00000000004711517991
0.00000000008311588204
0.00000000008311588204
0.00000000004519545893
0.00000000008747247273
0.00000000008747247273
0.00000000004056429612
0.00000000008729472677
0.00000000008729472677
0.00000000004519545893
0.00000000005002982734
0.00000000004559715990
0.00000000008360037020
0.00000000008360037020
0.00000000004519545893
0.00000000008771627125
0.00000000008771627125
0.00000000004038792779
0.00000000008736571598
0.00000000008736571598
0.00000000004519545893
0.00000000008349297481
0.00000000008349297481
0.00000000004519545893
0.00000000008749933029
0.00000000008749933029
0.00000000003639064536
0.00000000010907357902
0.00000000010907357902
0.00000000009754206476
0.00000000009754206476
0.00000000003175903459
0.00000000010802912365
0.00000000010802912365
0.00000000008395072816
0.00000000008395072816
0.00000000006248663420
0.00000000006248663420
0.00000000004803556925
0.00000000004860617647
0.00000000008262071150
0.00000000008262071150
0.00000000004519545893
0.00000000008760995152
0.00000000008760995152
0.00000000004254845550
0.00000000008729374655
0.00000000008729374655
0.00000000004519545893
0.00000000005002392288
0.00000000004711888593
0.00000000008312781228
0.00000000008312781228
0.00000000004519545893
0.00000000008743178669
0.00000000008743178669
0.00000000004057706849
0.00000000008736205626
0.00000000008736205626
0.00000000004519545893
0.00000000005002216058
0.00000000004561313964
0.00000000008359636828
0.00000000008359636828
0.00000000004519545893
0.00000000008767457733
0.00000000008767457733
0.00000000004057090137
0.00000000008724870088
0.00000000008724870088
0.00000000004519545893
0.00000000008349048605
0.00000000008349048605
0.00000000004519545893
0.00000000008752939592
0.00000000008752939592
0.00000000003643019346
0.00000000010907139971
0.00000000010907139971
0.00000000009759098933
0.00000000009759098933
0.00000000003206092801
0.00000000010850738345
0.00000000010850738345
0.00000000008437379149
0.00000000008437379149
0.00000000006257056109
0.00000000006257056109
0.00000000004799749639
0.00000000004856770413
0.00000000008261434457
0.00000000008261434457
0.00000000004519545893
0.00000000008760549127
0.00000000008760549127
0.00000000003952256014
0.00000000008737256698
0.00000000008737256698
0.00000000004519545893
0.00000000005002796337
0.00000000004709453974
0.00000000008312584247
0.00000000008312584247
0.00000000004519545893
0.00000000008742917853
0.00000000008742917853
0.00000000004064115435
0.00000000008725822667
0.00000000008725822667
0.00000000004519545893
0.00000000005003373457
0.00000000004556824185
0.00000000008359430038
0.00000000008359430038
0.00000000004519545893
0.00000000008762034666
0.00000000008762034666
0.00000000004053341391
0.00000000008727902698
0.00000000008727902698
0.00000000004519545893
0.00000000008348666909
0.00000000008348666909
0.00000000004519545893
0.00000000008755289139
0.00000000008755289139
0.00000000003660670163
0.00000000010917140136
0.00000000010917140136
0.00000000009816580537
0.00000000009816580537
0.00000000003169958494
0.00000000010769829915
0.00000000010769829915
0.00000000008465326677
0.00000000008465326677
0.00000000006248036395
0.00000000006248036395
0.00000000004802092239
0.00000000004859886432
0.00000000008261557543
0.00000000008261557543
0.00000000004519545893
0.00000000008750477412
0.00000000008750477412
0.00000000003964333329
0.00000000008724712087
0.00000000008724712087
0.00000000004519545893
0.00000000005002543648
0.00000000004709519734
0.00000000008312051995
0.00000000008312051995
0.00000000004519545893
0.00000000008748955531
0.00000000008748955531
0.00000000004064584108
0.00000000008727500004
0.00000000008727500004
0.00000000004519545893
0.00000000005002317083
0.00000000004557792325
0.00000000008361064194
0.00000000008361064194
0.00000000004519545893
0.00000000008759660053
0.00000000008759660053
0.00000000004062069805
0.00000000008728531898
0.00000000008728531898
0.00000000004519545893
0.00000000008349223260
0.00000000008349223260
0.00000000004519545893
0.00000000008760681473
0.00000000008760681473
0.00000000003634478725
0.00000000010906093242
0.00000000010906093242
0.00000000009749920727
0.00000000009749920727
0.00000000003235046410
0.00000000010857586589
0.00000000010857586589
0.00000000008333530860
0.00000000008333530860
0.00000000006262250154
0.00000000006262250154
0.00000000004801576374
0.00000000004857215773
0.00000000008262094534
0.00000000008262094534
0.00000000004519545893
0.00000000008767983367
0.00000000008767983367
0.00000000004060385996
0.00000000008730001548
0.00000000008730001548
0.00000000004519545893
0.00000000005002277772
0.00000000004711159917
0.00000000008310990759
0.00000000008310990759
0.00000000004519545893
0.00000000008750753550
0.00000000008750753550
0.00000000004051824388
0.00000000008742965499
0.00000000008742965499
0.00000000004519545893
0.00000000005003057777
0.00000000004565281676
0.00000000008358696262
0.00000000008358696262
0.00000000004519545893
0.00000000008760512577
0.00000000008760512577
0.00000000004057624026
0.00000000008727763881
0.00000000008727763881
0.00000000004519545893
0.00000000008348822484
0.00000000008348822484
0.00000000004519545893
0.00000000008742087110
0.00000000008742087110
0.00000000003632822980
0.00000000010907437968
0.00000000010907437968
0.00000000009808102789
0.00000000009808102789
0.00000000003196145287
0.00000000010852087197
0.00000000010852087197
0.00000000008324040199
0.00000000008324040199
0.00000000006244370207
0.00000000006244370207
0.00000000004804509508
0.00000000004862741700
0.00000000008262123310
0.00000000008262123310
0.00000000004519545893
0.00000000008775022383
0.00000000008775022383
0.00000000003975019294
0.00000000008743165884
0.00000000008743165884
0.00000000004519545893
0.00000000005004195449
0.00000000004713638850
0.00000000008311350778
0.00000000008311350778
0.00000000004519545893
0.00000000008753336050
0.00000000008753336050
0.00000000004056505490
0.00000000008725525664
0.00000000008725525664
0.00000000004519545893
0.00000000005003607103
0.00000000004558214143
0.00000000008360156028
0.00000000008360156028
0.00000000004519545893
0.00000000008759613339
0.00000000008759613339
0.00000000004052835334
0.00000000008729100803
0.00000000008729100803
0.00000000004519545893
0.00000000008348927379
0.00000000008348927379
0.00000000004519545893
0.00000000008752473969
0.00000000008752473969
0.00000000003631697383
0.00000000010909609622
0.00000000010909609622
0.00000000009812724357
0.00000000009812724357
0.00000000003227139697
0.00000000010899913178
0.00000000010899913178
0.00000000008741861609
0.00000000008741861609
0.00000000006263912051
0.00000000006263912051
0.00000000004802409583
0.00000000004863621690
0.00000000008261016015
0.00000000008261016015
0.00000000004519545893
0.00000000008769467287
0.00000000008769467287
0.00000000004258151483
0.00000000008725187575
0.00000000008725187575
0.00000000004519545893
0.00000000005004209764
0.00000000004705519043
0.00000000008311911821
0.00000000008311911821
0.00000000004519545893
0.00000000008743401686
0.00000000008743401686
0.00000000004058792061
0.00000000008728787235
0.00000000008728787235
0.00000000004519545893
0.00000000005003188870
0.00000000004557604970
0.00000000008358926765
0.00000000008358926765
0.00000000004519545893
0.00000000008764893468
0.00000000008764893468
0.00000000004056374521
0.00000000008730788510
0.00000000008730788510
0.00000000004519545893
0.00000000008348815989
0.00000000008348815989
0.00000000004519545893
0.00000000008749987633
0.00000000008749987633
0.00000000003647217447
0.00000000010908732548
0.00000000010908732548
0.00000000009872221788
0.00000000009872221788
0.00000000003195239386
0.00000000010677389941
0.00000000010677389941
0.00000000008636394010
0.00000000008636394010
0.00000000006237062650
0.00000000006237062650
0.00000000004804428847
0.00000000004858119334
0.00000000008262017717
0.00000000008262017717
0.00000000004519545893
0.00000000008762297720
0.00000000008762297720
0.00000000004108582832
0.00000000008728574104
0.00000000008728574104
0.00000000004519545893
0.00000000005001205705
0.00000000004715246604
0.00000000008312311746
0.00000000008312311746
0.00000000004519545893
0.00000000008745676060
0.00000000008745676060
0.00000000004059418099
0.00000000008731077288
0.00000000008731077288
0.00000000004519545893
0.00000000005002159953
0.00000000004553244740
0.00000000008359124410
0.00000000008359124410
0.00000000004519545893
0.00000000008760394488
0.00000000008760394488
0.00000000004062874710
0.00000000008742875614
0.00000000008742875614
0.00000000004519545893
0.00000000008348018727
0.00000000008348018727
0.00000000004519545893
0.00000000008754877763
0.00000000008754877763
0.00000000003636482260
0.00000000010913182360
0.00000000010913182360
0.00000000009527850116
0.00000000009527850116
0.00000000003200420880
0.00000000010657438390
0.00000000010657438390
0.00000000009468929419
0.00000000009468929419
0.00000000004679160210
0.00000000004519545893
0.00000000004519545893
0.00000000008339751289
0.00000000008339751289
0.00000000003321195481
0.00000000010742528524
0.00000000010742528524
0.00000000008362615002
0.00000000008362615002
0.00000000006261667819
0.00000000006261667819
0.00000000004800406553
0.00000000004861577921
0.00000000008260150160
0.00000000008260150160
0.00000000004519545893
0.00000000008765362358
0.00000000008765362358
0.00000000004053829096
0.00000000008735995309
0.00000000008735995309
0.00000000004519545893
0.00000000005004096686
0.00000000004711243488
0.00000000008312307649
0.00000000008312307649
0.00000000004519545893
0.00000000008757507242
0.00000000008757507242
0.00000000004060262196
0.00000000008725768662
0.00000000008725768662
0.00000000004519545893
0.00000000005002592746
0.00000000004562249715
0.00000000008358654701
0.00000000008358654701
0.00000000004519545893
0.00000000008773369773
0.00000000008773369773
0.00000000004054320355
0.00000000008738753481
0.00000000008738753481
0.00000000004519545893
0.00000000008348077699
0.00000000008348077699
0.00000000004519545893
0.00000000008757894342
0.00000000008757894342
0.00000000003634932608
0.00000000010910806626
0.00000000010910806626
0.00000000009738177021
0.00000000009738177021
0.00000000003214925517
0.00000000010737029132
0.00000000010737029132
0.00000000008564968920
0.00000000008564968920
0.00000000006250188911
0.00000000006250188911
0.00000000004801529200
0.00000000004862266886
0.00000000008261956834
0.00000000008261956834
0.00000000004519545893
0.00000000008765846256
0.00000000008765846256
0.00000000004349731062
0.00000000008726810602
0.00000000008726810602
0.00000000004519545893
0.00000000005003669054
0.00000000004708494751
0.00000000008312337118
0.00000000008312337118
0.00000000004519545893
0.00000000008747165358
0.00000000008747165358
0.00000000004059905660
0.00000000008740910292
0.00000000008740910292
0.00000000004519545893
0.00000000005001829353
0.00000000004558335378
0.00000000008359253609
0.00000000008359253609
0.00000000004519545893
0.00000000008763938012
0.00000000008763938012
0.00000000004061894013
0.00000000008731947654
0.00000000008731947654
0.00000000004519545893
0.00000000008347767958
0.00000000008347767958
0.00000000004519545893
0.00000000008758428181
0.00000000008758428181
0.00000000003647883376
0.00000000010913631266
0.00000000010913631266
0.00000000009742486883
0.00000000009742486883
0.00000000003244293225
0.00000000010784855113
0.00000000010784855113
0.00000000008620931378
0.00000000008620931378
0.00000000006246255424
0.00000000006246255424
0.00000000004799474639
0.00000000004856557641
0.00000000008262225881
0.00000000008262225881
0.00000000004519545893
0.00000000008760603236
0.00000000008760603236
0.00000000003716591409
0.00000000008740237148
0.00000000008740237148
0.00000000004519545893
0.00000000005002773300
0.00000000004709160110
0.00000000008310950392
0.00000000008310950392
0.00000000004519545893
0.00000000008753833775
0.00000000008753833775
0.00000000004055828776
0.00000000008729905077
0.00000000008729905077
0.00000000004519545893
0.00000000005003032736
0.00000000004560898764
0.00000000008359396071
0.00000000008359396071
0.00000000004519545893
0.00000000008758033398
0.00000000008758033398
0.00000000004061463678
0.00000000008735957478
0.00000000008735957478
0.00000000004519545893
0.00000000008348937444
0.00000000008348937444
0.00000000004519545893
0.00000000008759675927
0.00000000008759675927
0.00000000003627741940
0.00000000010900227863
0.00000000010900227863
0.00000000009801542842
0.00000000009801542842
0.00000000003208813146
0.00000000010703946683
0.00000000010703946683
0.00000000008386977351
0.00000000008386977351
0.00000000006244077286
0.00000000006244077286
0.00000000004800278527
0.00000000004857686621
0.00000000008261185145
0.00000000008261185145
0.00000000004519545893
0.00000000008769780812
0.00000000008769780812
0.00000000004166890746
0.00000000008730648354
0.00000000008730648354
0.00000000004519545893
0.00000000005003480216
0.00000000004707474024
0.00000000008311100855
0.00000000008311100855
0.00000000004519545893
0.00000000008751405204
0.00000000008751405204
0.00000000004060039689
0.00000000008734280614
0.00000000008734280614
0.00000000004519545893
0.00000000005003562234
0.00000000004559628331
0.00000000008359361898
0.00000000008359361898
0.00000000004519545893
0.00000000008770528065
0.00000000008770528065
0.00000000004052298673
0.00000000008726124085
0.00000000008726124085
0.00000000004519545893
0.00000000008349319743
0.00000000008349319743
0.00000000004519545893
0.00000000008752481680
0.00000000008752481680
0.00000000003645698903
0.00000000010906552356
0.00000000010906552356
0.00000000009734019814
0.00000000009734019814
0.00000000003269375159
0.00000000010791703357
0.00000000010791703357
0.00000000008466098346
0.00000000008466098346
0.00000000006260591144
0.00000000006260591144
0.00000000004800875631
0.00000000004859738404
0.00000000008261820662
0.00000000008261820662
0.00000000004519545893
0.00000000008764355525
0.00000000008764355525
0.00000000004239053666
0.00000000008734097299
0.00000000008734097299
0.00000000004519545893
0.00000000005003020572
0.00000000004711569302
0.00000000008311801994
0.00000000008311801994
0.00000000004519545893
0.00000000008750977914
0.00000000008750977914
0.00000000004062062418
0.00000000008719872502
0.00000000008719872502
0.00000000004519545893
0.00000000005002459354
0.00000000004558171048
0.00000000008359347011
0.00000000008359347011
0.00000000004519545893
0.00000000008772589907
0.00000000008772589907
0.00000000004067081837
0.00000000008730954170
0.00000000008730954170
0.00000000004519545893
0.00000000008348459973
0.00000000008348459973
0.00000000004519545893
0.00000000008755535695
0.00000000008755535695
0.00000000003651887271
0.00000000010904702992
0.00000000010904702992
0.00000000009793691711
0.00000000009793691711
0.00000000003237258445
0.00000000010786203965
0.00000000010786203965
0.00000000008290804102
0.00000000008290804102
0.00000000006242609294
0.00000000006242609294
0.00000000004798659947
0.00000000004855566673
0.00000000008261688793
0.00000000008261688793
0.00000000004519545893
0.00000000008766285340
0.00000000008766285340
0.00000000003942278655
0.00000000008718348754
0.00000000008718348754
0.00000000004519545893
0.00000000005003689532
0.00000000004703877074
0.00000000008312030929
0.00000000008312030929
0.00000000004519545893
0.00000000008746581700
0.00000000008746581700
0.00000000004053080833
0.00000000008731121326
0.00000000008731121326
0.00000000004519545893
0.00000000005002994234
0.00000000004566870332
0.00000000008358990488
0.00000000008358990488
0.00000000004519545893
0.00000000008759357138
0.00000000008759357138
0.00000000004055478543
0.00000000008736868700
0.00000000008736868700
0.00000000004519545893
0.00000000008347968811
0.00000000008347968811
0.00000000004519545893
0.00000000008762695421
0.00000000008762695421
0.00000000003636832375
0.00000000010910549399
0.00000000010910549399
0.00000000009797881699
0.00000000009797881699
0.00000000003269737558
0.00000000010834029945
0.00000000010834029945
0.00000000008615307621
0.00000000008615307621
0.00000000006231261289
0.00000000006231261289
0.00000000004800948229
0.00000000004853103365
0.00000000008262801065
0.00000000008262801065
0.00000000004519545893
0.00000000008762268765
0.00000000008762268765
0.00000000003910359410
0.00000000008731781053
0.00000000008731781053
0.00000000004519545893
0.00000000005002590402
0.00000000004714739643
0.00000000008311673871
0.00000000008311673871
0.00000000004519545893
0.00000000008757087851
0.00000000008757087851
0.00000000004044377488
0.00000000008734366902
0.00000000008734366902
0.00000000004519545893
0.00000000005001998098
0.00000000004555132102
0.00000000008360562624
0.00000000008360562624
0.00000000004519545893
0.00000000008756011277
0.00000000008756011277
0.00000000004066997223
0.00000000008738113953
0.00000000008738113953
0.00000000004519545893
0.00000000008348701767
0.00000000008348701767
0.00000000004519545893
0.00000000008748355598
0.00000000008748355598
0.00000000003639729534
0.00000000010909282194
0.00000000010909282194
0.00000000009855214235
0.00000000009855214235
0.00000000003233940859
0.00000000010714675850
0.00000000010714675850
0.00000000008811361320
0.00000000008811361320
0.00000000006227182851
0.00000000006227182851
0.00000000004804841050
0.00000000004865497457
0.00000000008260513787
0.00000000008260513787
0.00000000004519545893
0.00000000008764808203
0.00000000008764808203
0.00000000003970584097
0.00000000008734868478
0.00000000008734868478
0.00000000004519545893
0.00000000005002403317
0.00000000004706896178
0.00000000008311229836
0.00000000008311229836
0.00000000004519545893
0.00000000008750111215
0.00000000008750111215
0.00000000004059223145
0.00000000008736062127
0.00000000008736062127
0.00000000004519545893
0.00000000005001851338
0.00000000004557989881
0.00000000008359163368
0.00000000008359163368
0.00000000004519545893
0.00000000008760282223
0.00000000008760282223
0.00000000004069373428
0.00000000008720355622
0.00000000008720355622
0.00000000004519545893
0.00000000008350259614
0.00000000008350259614
0.00000000004519545893
0.00000000008740546808
0.00000000008740546808
0.00000000003641165591
0.00000000010901210089
0.00000000010901210089
0.00000000009485088773
0.00000000009485088773
0.00000000003128670047
0.00000000010614941736
0.00000000010614941736
0.00000000009418703340
0.00000000009418703340
0.00000000004645938992
0.00000000004519545893
0.00000000008358369751
0.00000000008358369751
0.00000000003345476330
0.00000000010797784762
0.00000000010797784762
0.00000000008728770997
0.00000000008728770997
0.00000000006263231315
0.00000000006263231315
0.00000000004801790855
0.00000000004859712102
0.00000000008261402431
0.00000000008261402431
0.00000000004519545893
0.00000000008772875054
0.00000000008772875054
0.00000000003999416578
0.00000000008722870715
0.00000000008722870715
0.00000000004519545893
0.00000000005002534193
0.00000000004712629778
0.00000000008311641805
0.00000000008311641805
0.00000000004519545893
0.00000000008758463207
0.00000000008758463207
0.00000000004056193210
0.00000000008732750057
0.00000000008732750057
0.00000000004519545893
0.00000000005002596008
0.00000000004558806903
0.00000000008360793991
0.00000000008360793991
0.00000000004519545893
0.00000000008772249812
0.00000000008772249812
0.00000000004054088861
0.00000000008725134238
0.00000000008725134238
0.00000000004519545893
0.00000000008348686957
0.00000000008348686957
0.00000000004519545893
0.00000000008754431792
0.00000000008754431792
0.00000000003650499625
0.00000000010914537776
0.00000000010914537776
0.00000000009773910624
0.00000000009773910624
0.00000000003229342160
0.00000000010792285370
0.00000000010792285370
0.00000000008706549209
0.00000000008706549209
0.00000000006239844397
0.00000000006239844397
0.00000000004800562495
0.00000000004856712138
0.00000000008262758826
0.00000000008262758826
0.00000000004519545893
0.00000000008774021287
0.00000000008774021287
0.00000000004046915984
0.00000000008732624131
0.00000000008732624131
0.00000000004519545893
0.00000000005002619448
0.00000000004706303052
0.00000000008312108928
0.00000000008312108928
0.00000000004519545893
0.00000000008751492826
0.00000000008751492826
0.00000000004058038784
0.00000000008726613929
0.00000000008726613929
0.00000000004519545893
0.00000000005003805119
0.00000000004558850820
0.00000000008360149611
0.00000000008360149611
0.00000000004519545893
0.00000000008760044298
0.00000000008760044298
0.00000000004063834913
0.00000000008732743400
0.00000000008732743400
0.00000000004519545893
0.00000000008348971330
0.00000000008348971330
0.00000000004519545893
0.00000000008751392991
0.00000000008751392991
0.00000000003641798892
0.00000000010910309861
0.00000000010910309861
0.00000000009778621746
0.00000000009778621746
0.00000000003258283895
0.00000000010840111351
0.00000000010840111351
0.00000000008522816114
0.00000000008522816114
0.00000000006254318166
0.00000000006254318166
0.00000000004800116127
0.00000000004856300822
0.00000000008262056191
0.00000000008262056191
0.00000000004519545893
0.00000000008762618538
0.00000000008762618538
0.00000000004039365775
0.00000000008726123989
0.00000000008726123989
0.00000000004519545893
0.00000000005002414516
0.00000000004709717836
0.00000000008311952561
0.00000000008311952561
0.00000000004519545893
0.00000000008742163651
0.00000000008742163651
0.00000000004061612275
0.00000000008731461880
0.00000000008731461880
0.00000000004519545893
0.00000000005003057788
0.00000000004561026770
0.00000000008359504259
0.00000000008359504259
0.00000000004519545893
0.00000000008764493517
0.00000000008764493517
0.00000000004067722349
0.00000000008724454846
0.00000000008724454846
0.00000000004519545893
0.00000000008349786083
0.00000000008349786083
0.00000000004519545893
0.00000000008752907392
0.00000000008752907392
0.00000000003641262274
0.00000000010907695782
0.00000000010907695782
0.00000000009836688969
0.00000000009836688969
0.00000000003224560275
0.00000000010759202920
0.00000000010759202920
0.00000000008883441356
0.00000000008883441356
0.00000000006232325570
0.00000000006232325570
0.00000000004801746515
0.00000000004857252392
0.00000000008262327694
0.00000000008262327694
0.00000000004519545893
0.00000000008761433683
0.00000000008761433683
0.00000000004230584629
0.00000000008729824916
0.00000000008729824916
0.00000000004519545893
0.00000000005000587105
0.00000000004711031516
0.00000000008312307252
0.00000000008312307252
0.00000000004519545893
0.00000000008745808620
0.00000000008745808620
0.00000000004065461843
0.00000000008725459083
0.00000000008725459083
0.00000000004519545893
0.00000000005001735566
0.00000000004558473050
0.00000000008358873352
0.00000000008358873352
0.00000000004519545893
0.00000000008767348664
0.00000000008767348664
0.00000000004048324071
0.00000000008733729718
0.00000000008733729718
0.00000000004519545893
0.00000000008348973611
0.00000000008348973611
0.00000000004519545893
0.00000000008752353015
0.00000000008752353015
0.00000000003635397517
0.00000000010904262139
0.00000000010904262139
0.00000000009770141884
0.00000000009770141884
0.00000000003285465286
0.00000000010846959595
0.00000000010846959595
0.00000000008214146750
0.00000000008214146750
0.00000000006249320771
0.00000000006249320771
0.00000000004799826527
0.00000000004878193961
0.00000000006746407321
0.00000000006746407321
0.00000000005796961703
0.00000000005796961703
0.00000000004089948771
0.00000000008746322619
0.00000000008746322619
0.00000000004519545893
0.00000000005084425463
0.00000000004724638159
0.00000000006730241309
0.00000000006730241309
0.00000000005795653736
0.00000000005795653736
0.00000000004519545893
0.00000000004622899167
0.00000000008774860054
0.00000000008774860054
0.00000000004519545893
0.00000000005084425463
0.00000000004368467018
0.00000000006709170192
0.00000000006709170192
0.00000000005800390677
0.00000000005800390677
0.00000000004519545893
0.00000000004604528727
0.00000000008780910181
0.00000000008780910181
0.00000000004519545893
0.00000000006673402234
0.00000000006673402234
0.00000000005793769522
0.00000000005793769522
0.00000000004519545893
0.00000000004143056437
0.00000000010775164112
0.00000000010775164112
0.00000000009828332764
0.00000000009828332764
0.00000000003248789747
0.00000000010841460203
0.00000000010841460203
0.00000000008671337489
0.00000000008671337489
0.00000000006245367208
0.00000000006245367208
0.00000000004791457517
0.00000000004880010495
0.00000000006746641448
0.00000000006746641448
0.00000000005799880693
0.00000000005799880693
0.00000000004159044925
0.00000000008715594650
0.00000000008715594650
0.00000000004519545893
0.00000000005084425463
0.00000000004729117910
0.00000000006731336935
0.00000000006731336935
0.00000000005801069021
0.00000000005801069021
0.00000000004519545893
0.00000000005027282444
0.00000000008774524778
0.00000000008774524778
0.00000000004519545893
0.00000000005084425463
0.00000000004366622408
0.00000000006709304099
0.00000000006709304099
0.00000000005797511337
0.00000000005797511337
0.00000000004519545893
0.00000000004918378977
0.00000000008787871915
0.00000000008787871915
0.00000000004519545893
0.00000000006673402234
0.00000000006673402234
0.00000000005796966593
0.00000000005796966593
0.00000000004519545893
0.00000000004155429009
0.00000000010780545084
0.00000000010780545084
0.00000000009832555661
0.00000000009832555661
0.00000000003284542931
0.00000000010889286183
0.00000000010889286183
0.00000000008388793736
0.00000000008388793736
0.00000000006231110064
0.00000000006231110064
0.00000000004794767530
0.00000000004884371940
0.00000000006747437031
0.00000000006747437031
0.00000000005802340633
0.00000000005802340633
0.00000000004173020554
0.00000000008748033650
0.00000000008748033650
0.00000000004519545893
0.00000000005084425463
0.00000000004722265912
0.00000000006729692448
0.00000000006729692448
0.00000000005795165805
0.00000000005795165805
0.00000000004519545893
0.00000000004677044838
0.00000000008789171162
0.00000000008789171162
0.00000000004519545893
0.00000000005084425463
0.00000000004365366147
0.00000000006709370730
0.00000000006709370730
0.00000000005799781118
0.00000000005799781118
0.00000000004519545893
0.00000000004608203991
0.00000000008785608377
0.00000000008785608377
0.00000000004519545893
0.00000000006673402234
0.00000000006673402234
0.00000000005793516967
0.00000000005793516967
0.00000000004519545893
0.00000000004063398578
0.00000000009924146988
0.00000000009924146988
0.00000000004519545893
0.00000000008421958224
0.00000000008421958224
0.00000000003248863821
0.00000000010665188596
0.00000000010665188596
0.00000000008554187249
0.00000000008554187249
0.00000000006253786975
0.00000000006253786975
0.00000000004788293571
0.00000000004871530784
0.00000000006745765217
0.00000000006745765217
0.00000000005798174257
0.00000000005798174257
0.00000000004053472813
0.00000000008727063582
0.00000000008727063582
0.00000000004519545893
0.00000000005084425463
0.00000000004730348693
0.00000000006729261282
0.00000000006729261282
0.00000000005800473079
0.00000000005800473079
0.00000000004519545893
0.00000000005255459574
0.00000000008806006549
0.00000000008806006549
0.00000000004519545893
0.00000000005084425463
0.00000000004367987629
0.00000000006709654958
0.00000000006709654958
0.00000000005799908003
0.00000000005799908003
0.00000000004519545893
0.00000000005293700391
0.00000000008795688079
0.00000000008795688079
0.00000000004519545893
0.00000000006673402234
0.00000000006673402234
0.00000000005795351877
0.00000000005795351877
0.00000000004519545893
0.00000000004282244730
0.00000000010777531707
0.00000000010777531707
0.00000000010306325082
0.00000000010306325082
0.00000000004519545893
0.00000000005554680277
0.00000000005554680277
0.00000000007667480959
0.00000000007667480959
0.00000000009746904429
0.00000000009746904429
0.00000000004204183947
0.00000000008781462784
0.00000000008781462784
0.00000000004519545893
0.00000000004519545893
0.00000000010522844079
0.00000000010522844079
0.00000000009752902636
0.00000000009752902636
0.00000000004184622112
0.00000000008781178766
0.00000000008781178766
0.00000000004519545893
0.00000000004519545893
0.00000000010528242986
0.00000000010528242986
0.00000000009758585471
0.00000000009758585471
0.00000000004211080006
0.00000000008780754257
0.00000000008780754257
0.00000000004519545893
0.00000000004519545893
0.00000000010524399283
0.00000000010524399283
0.00000000009764588358
0.00000000009764588358
0.00000000004194870869
0.00000000008782855212
0.00000000008782855212
0.00000000004519545893
0.00000000010525478145
0.00000000010525478145
0.00000000009743151197
0.00000000009743151197
0.00000000004215904776
0.00000000008782281340
0.00000000008782281340
0.00000000004519545893
0.00000000004519545893
0.00000000010524312880
0.00000000010524312880
0.00000000009748176698
0.00000000009748176698
0.00000000004196342941
0.00000000008781901052
0.00000000008781901052
0.00000000004519545893
0.00000000004519545893
0.00000000010523856717
0.00000000010523856717
0.00000000009755101112
0.00000000009755101112
0.00000000004222800835
0.00000000008782118666
0.00000000008782118666
0.00000000004519545893
0.00000000004519545893
0.00000000010525662112
0.00000000010525662112
0.00000000009760471333
0.00000000009760471333
0.00000000004179813644
0.00000000008781098773
0.00000000008781098773
0.00000000004519545893
0.00000000010525835486
0.00000000010525835486
0.00000000009743850071
0.00000000009743850071
0.00000000004207388809
0.00000000008779593384
0.00000000008779593384
0.00000000004519545893
0.00000000004519545893
0.00000000010519987584
0.00000000010519987584
0.00000000009748900141
0.00000000009748900141
0.00000000004187826974
0.00000000008780088165
0.00000000008780088165
0.00000000004519545893
0.00000000004519545893
0.00000000010528572291
0.00000000010528572291
0.00000000009755084789
0.00000000009755084789
0.00000000004214284868
0.00000000008780677881
0.00000000008780677881
0.00000000004519545893
0.00000000004519545893
0.00000000010528495267
0.00000000010528495267
0.00000000009759761976
0.00000000009759761976
0.00000000004198075732
0.00000000008784366453
0.00000000008784366453
0.00000000004519545893
0.00000000010521575677
0.00000000010521575677
0.00000000009738335857
0.00000000009738335857
0.00000000004219109638
0.00000000008782315687
0.00000000008782315687
0.00000000004519545893
0.00000000004519545893
0.00000000010524641082
0.00000000010524641082
0.00000000009744548694
0.00000000009744548694
0.00000000004199547803
0.00000000008783681718
0.00000000008783681718
0.00000000004519545893
0.00000000004519545893
0.00000000010422250393
0.00000000010422250393
0.00000000009786534058
0.00000000009786534058
0.00000000004226005697
0.00000000008783815354
0.00000000008783815354
0.00000000004519545893
0.00000000004519545893
0.00000000009525124234
0.00000000009525124234
0.00000000009147022397
0.00000000005025399857
0.00000000004519545893
0.00000000004519545893
0.00000000004519545893
0.00000000004519545893
0.00000000004519545893
0.00000000004519545893
0.00000000004519545893
0.00000000004519545893
0.00000000004519545893
0.00000000004519545893
0.00000000004519545893
0.00000000004519545893
0.00000000004730725705
0.00000000004519545893
0.00000000004673407250
0.00000000004716096176
0.00000000004716096176
