-1.278776
-1.278776
0.000000
0.000000
0.000000
0.000000
0.000000
0.000000
0.000000
0.000000
0.000000
0.000000
0.000000
0.000000
0.000000
0.000000
0.000000
0.000000
0.000000
0.000000
0.000000
0.000000
0.000000
0.000000
0.000000
0.000000
0.000000
0.000000
0.000000
0.000000
0.000000
-0.056335
-0.056335
1.647213
0.000000
-0.222704
-0.222704
-0.987388
0.682542
0.682542
-1.453318
0.085434
-0.775086
-0.775086
0.552500
0.000000
0.000000
0.000000
0.398185
-0.670625
0.106484
0.106484
-0.903476
0.031936
0.031936
-0.031768
-0.031768
-0.303031
0.000000
1.641353
0.041845
-0.016263
-0.016263
0.417762
0.000000
-0.469133
-0.469133
0.304310
1.346434
1.346434
0.424019
-0.827686
-0.135605
-0.135605
-1.220115
0.000000
0.000000
0.000000
-0.479541
0.891771
-0.427063
-0.427063
-1.389489
-1.763123
-1.763123
0.262762
0.262762
0.613047
0.000000
-0.468852
-0.683666
-1.437747
-1.437747
0.797582
0.000000
0.050580
0.050580
1.081616
0.011247
0.011247
1.123157
-2.191668
-0.306313
-0.306313
-0.517053
0.000000
0.000000
0.000000
-0.146832
0.271814
-0.692439
-0.692439
-0.814425
-1.073442
-1.073442
-1.498058
-1.498058
-1.051962
0.000000
0.023121
-0.046704
-0.982729
-0.982729
0.541977
0.000000
0.036780
0.036780
-0.326598
0.377137
0.377137
1.259941
-1.019990
-0.544009
-0.544009
0.297464
0.000000
0.000000
0.000000
1.024873
0.910100
0.700155
0.700155
0.079385
-0.630191
-0.630191
0.544273
0.544273
-0.380335
0.000000
-0.117491
0.339409
1.061103
1.061103
1.164857
0.000000
-0.007789
-0.007789
-1.081306
0.321837
0.321837
0.293180
0.657376
-0.794452
-0.794452
-0.915188
0.000000
0.000000
0.000000
-0.369677
0.818667
-0.022872
-0.022872
0.024578
-0.556080
-0.556080
-1.350332
-1.350332
-0.134437
0.000000
-0.117491
-1.782803
-0.100598
-0.100598
-0.941303
0.000000
-0.776508
-0.776508
0.095557
0.044116
0.044116
-1.147917
-0.759766
-0.298999
-0.298999
0.475240
0.000000
0.000000
0.000000
0.412240
-1.323063
0.388053
0.388053
-0.820848
-0.795155
-0.795155
-0.593647
-0.593647
0.132120
0.000000
1.641353
-0.421084
-0.434937
-0.434937
-0.678768
0.000000
0.117193
0.117193
0.752025
0.465358
0.465358
0.102788
-1.288426
1.172723
1.172723
-0.290699
0.000000
0.000000
0.000000
-1.147945
-0.708902
-0.072809
-0.072809
-0.641383
-1.334186
-1.334186
-1.530445
-1.530445
-0.914703
0.000000
-0.468852
-0.532300
-0.770913
-0.770913
1.753583
0.000000
-0.016255
-0.016255
-1.653200
0.835381
0.835381
0.569022
-1.261559
-1.580223
-1.580223
0.135124
0.000000
0.000000
0.000000
-0.462745
0.105489
-0.110289
-0.110289
-0.975742
-1.274522
-1.274522
-0.894038
-0.894038
-0.829488
0.000000
0.023121
-0.259790
-0.899768
-0.899768
-0.359816
0.000000
-0.492090
-0.492090
0.293955
-0.267661
-0.267661
-0.272847
-1.037566
-0.208593
-0.208593
-0.196590
0.000000
0.000000
0.000000
-1.163146
0.322533
-0.734105
-0.734105
0.074303
-1.067367
-1.067367
-2.208953
-2.208953
-1.722499
0.000000
0.023121
0.608367
-0.025189
-0.025189
0.284217
0.000000
-0.778457
-0.778457
-0.073860
1.361745
1.361745
0.619407
1.208507
-1.269015
-1.269015
-1.168276
0.000000
0.000000
0.000000
0.810364
1.098213
0.169417
0.169417
0.132815
-1.963871
-1.963871
-0.484916
-0.484916
-1.190099
0.000000
-0.117491
0.302058
-0.148911
-0.148911
0.728389
0.000000
0.205288
0.205288
0.924675
0.225558
0.225558
1.373414
-1.129283
-0.195902
-0.195902
0.624281
0.000000
0.000000
0.000000
0.068553
0.554964
0.191386
0.191386
-1.157778
-2.074762
-2.074762
0.335953
0.335953
-0.994053
0.000000
1.641353
0.339416
0.526021
0.526021
0.115665
0.000000
0.206096
0.206096
-0.385024
0.998235
0.998235
0.235507
-0.616508
-0.242390
-0.242390
-1.398186
0.000000
0.000000
0.000000
-0.395491
-0.196183
-0.710012
-0.710012
-0.998052
-0.864679
-0.864679
0.235709
0.235709
-0.602252
0.000000
-0.468852
-1.551029
1.282467
1.282467
0.428897
0.000000
-0.299172
-0.299172
-1.106844
-1.218799
-1.218799
-1.401880
-0.527064
-0.328863
-0.328863
0.436267
0.000000
0.000000
0.000000
-0.940387
-1.012077
-0.497828
-0.497828
-0.748384
0.704330
0.704330
-0.072176
-0.072176
0.687365
0.000000
-0.468852
0.136250
-0.566210
-0.566210
-0.160907
0.000000
-0.422341
-0.422341
0.220076
0.179901
0.179901
0.819910
0.845684
0.731667
0.731667
-0.043937
0.000000
0.000000
0.000000
0.703472
0.659893
-0.493913
-0.493913
-0.171766
0.244189
0.244189
1.051266
1.051266
0.589342
0.000000
0.023121
-0.204204
-1.802103
-1.802103
-0.280572
0.000000
0.004041
0.004041
1.137297
0.748446
0.748446
0.295269
-1.944998
-0.798191
-0.798191
-0.197359
0.000000
0.000000
0.000000
0.805181
-0.402006
-0.011727
-0.011727
-0.162334
-0.540840
-0.540840
-0.080282
-0.080282
0.341130
0.000000
-0.117491
-0.270698
-0.427548
-0.427548
0.381483
0.000000
0.369448
0.369448
-0.812560
-0.398571
-0.398571
1.039735
-0.219246
-1.194561
-1.194561
0.337041
0.000000
0.000000
0.000000
0.548810
0.506467
0.457688
0.457688
-0.616043
-0.502675
-0.502675
1.105141
1.105141
0.562611
0.000000
0.000000
0.000000
0.000000
0.000000
0.000000
0.000000
0.000000
0.000000
0.000000
0.000000
0.000000
0.000000
0.000000
0.000000
0.000000
-0.000000
-0.000000
0.000000
0.000000
0.000000
0.000000
0.000000
0.000000
0.150280
0.150280
0.754944
-0.188596
-0.188596
-1.268262
-1.268262
0.969154
0.969154
-0.807455
-0.807455
0.356038
0.995656
0.995656
-0.659149
0.000000
-0.572683
-0.572683
-0.540375
-1.284665
-1.284665
-1.234072
-1.234072
-1.696661
-1.696661
-1.264342
-0.930009
-0.930009
-1.161469
0.000000
-0.922999
-0.922999
-0.856032
-1.761840
-1.761840
-0.894921
-0.894921
0.399362
0.399362
-0.025075
0.489235
0.489235
0.005590
0.000000
0.058776
0.058776
-0.949656
0.425391
0.425391
-0.177600
-0.177600
-0.001791
-0.481740
0.000000
0.000000
0.000000
0.000000
0.000000
0.000000
0.000000
0.000000
0.000000
0.000000
0.000000
0.000000
0.000000
0.000000
0.000000
0.000000
0.000000
0.000000
0.000000
0.000000
0.000000
0.000000
0.000000
0.000000
0.000000
0.000000
0.000000
0.000000
0.000000
0.000000
0.000000
0.000000
0.000000
0.000000
0.000000
0.000000
0.000000
0.000000
0.000000
0.000000
0.246499
0.246499
0.792229
0.792229
-0.528907
0.535534
0.000000
0.000000
0.551977
0.551977
0.555550
0.555550
-1.140126
-0.125057
0.000000
0.000000
-0.339350
-0.339350
-0.994341
-0.994341
0.826218
-0.122726
0.000000
0.000000
-0.121201
-0.121201
0.114284
0.114284
1.373151
-0.349235
1.029376
0.001584
0.000000
0.000000
0.000000
-0.301785
-0.301785
-0.076142
-0.076142
-0.715341
-0.015484
0.000000
0.000000
0.000000
0.000000
0.094781
0.094781
1.840441
0.000000
1.416019
1.416019
-0.745293
-0.694086
-0.694086
1.013138
0.000000
0.000000
0.000000
-1.070755
-0.079328
3.035477
1.604061
0.640012
1.018726
0.000000
-0.604940
-0.604940
0.000000
-2.137047
-2.137047
0.588473
-0.990047
0.000000
0.000000
0.000000
-0.174620
-0.174620
0.000000
-0.526019
-0.526019
0.443311
0.443311
2.406444
-0.352594
0.000000
0.004865
1.074476
0.676353
0.676353
0.962904
0.962904
-0.701101
-0.701101
0.000000
0.000000
0.000000
0.000000
0.000000
0.000000
0.000000
-0.526019
-0.526019
0.443311
0.443311
0.177164
-0.196396
0.000000
0.000000
0.000000
0.000000
-0.367797
-0.367797
1.948503
0.000000
-0.409172
-0.409172
-0.362962
-0.262621
-0.262621
0.431668
0.000000
0.000000
0.000000
-0.204315
0.374694
1.062528
1.207266
-0.140488
0.154400
0.000000
0.582433
0.582433
0.000000
0.094781
0.094781
-0.056711
-0.172873
0.000000
0.000000
0.000000
0.543681
0.543681
0.000000
-2.145165
-2.145165
-1.698917
-1.698917
0.850363
-1.596493
0.000000
-0.517039
0.599913
0.787541
0.787541
-0.650350
-0.650350
-1.177160
-1.177160
0.000000
0.000000
0.000000
0.000000
0.000000
0.000000
0.000000
-2.145165
-2.145165
-1.698917
-1.698917
-1.142722
-0.592189
0.000000
0.000000
0.000000
0.000000
-0.533620
-0.533620
1.063258
0.000000
0.627408
0.627408
-0.484775
-0.715725
-0.715725
0.377663
0.000000
0.000000
0.000000
0.684861
1.125139
0.376953
-0.292050
0.017001
0.287064
0.000000
-0.186910
-0.186910
0.000000
-0.367797
-0.367797
0.855721
0.107626
0.000000
0.000000
0.000000
0.334781
0.334781
0.000000
0.088283
0.088283
-0.691246
-0.691246
1.933695
-1.059124
0.000000
-2.542534
-0.808294
0.673716
0.673716
-0.145578
-0.145578
-0.367797
-0.367797
0.000000
0.000000
0.000000
0.000000
0.000000
0.000000
0.000000
0.088283
0.088283
-0.691246
-0.691246
0.426999
0.703417
0.000000
0.000000
0.000000
0.000000
-2.137047
-2.137047
2.266942
0.000000
-0.278034
-0.278034
0.543659
-0.916816
-0.916816
0.686557
0.000000
0.000000
0.000000
-0.194534
0.118695
1.279362
-0.705191
0.515166
0.756065
0.000000
0.063567
0.063567
0.000000
-0.533620
-0.533620
-0.164684
-1.019958
0.000000
0.000000
0.000000
0.353191
0.353191
0.000000
-0.371307
-0.371307
-0.076142
-0.076142
-0.334679
-0.736192
0.000000
-0.111827
1.131225
0.750418
0.750418
0.358136
0.358136
-0.868611
-0.868611
0.000000
0.000000
0.000000
0.000000
0.000000
0.000000
0.000000
0.000000
0.000000
0.000000
0.000000
0.000000
0.000000
0.000000
0.000000
0.000000
0.000000
0.000000
0.000000
0.000000
0.000000
0.000000
0.000000
0.000000
0.000000
0.000000
0.000000
0.000000
0.000000
0.000000
0.000000
0.000000
0.000000
0.000000
-0.235871
-0.235871
0.555410
0.000000
0.000000
0.000000
0.000000
0.000000
0.149607
0.149607
0.213991
-0.413039
-0.413039
1.633530
0.000000
0.000000
-1.065334
-1.260805
0.000000
0.000000
0.000000
0.000000
-2.101425
-2.421995
-2.421995
1.492646
0.000000
0.000000
-1.781664
-0.870238
0.000000
0.000000
0.000000
0.000000
-1.006221
-1.688102
-1.688102
-0.332623
0.000000
0.000000
-2.221981
-0.570963
0.000000
0.000000
0.000000
0.000000
1.892569
1.825583
1.825583
0.299267
0.000000
0.000000
0.979899
-1.001222
0.000000
0.000000
0.000000
0.000000
1.616986
1.753822
1.753822
1.589198
0.000000
0.000000
1.646810
1.551139
0.000000
0.000000
0.000000
0.000000
-2.101425
-2.837496
-2.837496
1.469571
0.000000
0.000000
-1.781664
-0.275134
0.000000
0.000000
0.000000
0.000000
-0.106725
-0.821795
-0.821795
0.444804
0.000000
0.000000
0.624461
0.166413
0.000000
0.000000
0.000000
0.000000
0.766661
2.250153
2.250153
-0.629128
0.000000
0.000000
2.027484
0.275134
0.000000
0.000000
0.000000
0.000000
-0.609017
-1.468929
-1.468929
-0.364756
0.000000
0.000000
-0.008091
0.664842
0.000000
0.000000
0.000000
0.000000
-0.280872
-1.581150
-1.581150
-0.150927
0.000000
0.000000
-0.776237
1.377292
0.000000
0.000000
0.000000
0.000000
1.386858
1.740813
1.740813
-0.989383
0.000000
0.000000
0.351807
1.025948
0.000000
0.000000
0.000000
0.000000
-0.038106
0.854227
0.854227
-0.448252
0.000000
0.000000
1.065334
1.866413
0.000000
0.000000
0.000000
0.000000
-0.035492
0.704472
0.704472
-1.200973
0.000000
0.000000
1.497124
0.817585
0.000000
0.000000
0.000000
0.000000
-0.336754
-0.672921
-0.672921
0.157918
0.000000
0.000000
-0.761287
0.735715
0.000000
0.000000
0.000000
0.000000
-0.831997
-0.491586
-0.491586
-1.128977
0.000000
0.000000
0.089836
-0.837228
0.000000
0.000000
0.000000
0.000000
-0.409054
-1.035036
-1.035036
-1.299034
0.000000
0.000000
0.000000
0.000000
0.000000
0.000000
0.000000
0.000000
0.000000
0.000000
0.000000
0.000000
0.000000
0.000000
0.000000
0.000000
0.000000
0.000000
0.000000
0.000000
0.000000
0.000000
0.000000
0.000000
0.000000
0.245234
0.245234
-0.706933
-0.706933
-0.387184
1.732551
1.732551
1.164231
1.164231
1.016533
0.000000
0.000000
1.703654
0.432154
-0.518538
-0.518538
-0.676352
-0.676352
0.793447
1.900841
1.900841
0.853025
0.853025
1.113577
0.000000
0.000000
-0.209212
0.185234
-0.220291
-0.220291
0.608879
0.608879
1.274682
0.398697
0.398697
-0.452491
-0.452491
-0.139403
0.000000
0.000000
-0.080953
-1.564484
-0.421546
-0.421546
-1.273529
-1.273529
0.390892
0.238558
0.238558
0.107747
0.107747
-0.088079
0.000000
0.000000
0.000000
0.000000
0.000000
0.000000
0.000000
0.000000
0.000000
0.000000
0.000000
0.000000
0.000000
0.000000
0.000000
0.000000
0.000000
0.000000
0.000000
0.000000
0.000000
-0.306621
-0.306621
-1.116103
-1.116103
0.324122
0.324122
-0.303023
-0.303023
-0.088079
0.000000
0.000000
0.116610
0.000000
0.567029
0.567029
-1.043384
-1.043384
-0.471290
-0.471290
-0.348821
-0.348821
-0.139403
0.000000
0.000000
-1.651038
0.000000
1.047445
1.047445
-1.644873
-1.644873
1.339458
1.339458
1.186460
1.186460
1.113577
0.000000
0.000000
0.711091
0.000000
0.368703
0.368703
0.640597
0.640597
1.167931
1.167931
1.301517
1.301517
1.016533
0.000000
0.000000
0.000000
0.000000
0.000000
0.000000
0.000000
0.000000
0.000000
0.000000
0.000000
0.000000
0.000000
0.000000
0.000000
0.000000
0.000000
0.000000
0.000000
0.000000
0.000000
0.000000
0.000000
0.000000
