0.000000
0.000000
0.000000
0.000000
0.000000
0.000000
0.000000
0.000000
0.000000
0.000000
0.000000
0.000000
nan
nan
0.000000
0.000000
0.000000
0.000000
0.000000
0.000000
0.000000
-1.000000
-1.000000
1.000000
1.000000
1.000000
1.000000
1.000000
1.000000
0.000000
0.000000
4.562325
4.562325
-2.128187
-2.128187
0.387500
0.387500
0.000000
0.246928
0.246928
0.812769
-1.423768
-1.423768
0.000000
-0.251360
1.684838
1.684838
0.376831
-0.064474
-0.064474
0.000000
0.032990
0.345442
0.345442
1.061140
-0.048081
-0.048081
0.000000
0.129544
-0.076379
-0.076379
1.413010
1.413010
2.306606
0.000000
0.000000
0.000000
0.000000
-0.698712
-0.698712
-0.430907
-1.174830
-1.174830
1.459491
1.459491
-0.652129
0.931283
0.931283
0.000000
-1.283398
-1.283398
2.461564
0.020707
0.020707
0.000000
0.009428
0.460588
0.460588
0.689215
-1.619111
-1.619111
0.000000
-1.195392
0.471971
0.471971
0.060505
0.267341
0.267341
0.000000
-0.139100
-0.139324
-0.139324
0.433766
0.433766
1.864100
0.000000
0.000000
0.000000
0.000000
-0.235912
-0.235912
-0.425063
-0.936997
-0.936997
-0.254800
-0.254800
1.094006
-0.137450
-0.137450
0.000000
1.699541
1.699541
-1.299902
1.181720
1.181720
0.000000
1.816493
0.165164
0.165164
-0.636460
-1.017332
-1.017332
0.000000
0.218938
1.522595
1.522595
-0.163195
-0.136420
-0.136420
0.000000
0.890785
0.824016
0.824016
0.596530
0.596530
-0.437115
0.000000
0.000000
0.000000
0.000000
0.928200
0.928200
0.857886
0.579582
0.579582
0.008817
0.008817
0.003462
0.015625
0.015625
0.000000
0.111257
0.111257
-0.787739
0.281706
0.281706
0.000000
-0.145001
1.168641
1.168641
0.264898
0.342142
0.342142
0.000000
0.179580
1.045692
1.045692
-0.579246
-1.038777
-1.038777
0.000000
-0.281656
-1.667247
-1.667247
1.155885
1.155885
-0.302505
0.000000
0.000000
0.000000
0.000000
-1.133286
-1.133286
0.319001
-0.921185
-0.921185
1.621398
1.621398
-0.938363
-0.938363
0.000000
nan
0.000000
0.000000
0.000000
0.000000
0.000000
0.000000
0.000000
0.000000
0.000000
0.000000
0.000000
0.000000
0.000000
0.000000
0.000000
-1.762800
-1.762800
-1.716703
-1.476498
-0.102920
-0.102920
0.000000
-0.554295
-0.554295
0.633580
0.505899
0.505899
0.000000
1.386601
0.214638
-1.053736
-1.053736
0.000000
0.303366
0.303366
1.304880
0.400978
0.400978
0.000000
0.600005
0.797987
0.321995
0.321995
0.000000
-0.830083
-0.830083
-0.511099
-1.432726
-1.432726
0.000000
0.225465
0.225465
0.000000
0.150376
0.150376
-1.002278
-1.648395
-1.648395
1.948755
1.948755
-0.718410
0.000000
0.000000
nan
nan
0.417316
0.417316
0.598640
0.669968
-1.025528
-1.025528
0.000000
0.293033
0.293033
0.831660
0.511536
0.511536
0.000000
0.443162
0.370677
0.768979
0.768979
0.000000
-1.635048
-1.635048
0.526844
-0.828449
-0.828449
0.000000
-0.606024
-0.624093
2.420904
2.420904
0.000000
0.023202
0.023202
-0.094765
-1.676298
-1.676298
0.000000
1.777978
1.777978
0.000000
-0.245053
-0.245053
-0.694342
0.888071
0.888071
-1.023306
-1.023306
-0.596450
0.000000
0.000000
0.000000
0.000000
0.491739
0.491739
-0.079182
0.426842
-0.660039
-0.660039
0.000000
1.191398
1.191398
-1.412986
-1.580060
-1.580060
0.000000
0.674840
-1.586591
2.348851
2.348851
0.000000
0.692427
0.692427
0.963876
-1.792632
-1.792632
0.000000
-3.024110
0.779308
0.548073
0.548073
0.000000
0.844458
0.844458
0.983063
0.313042
0.313042
0.000000
-0.806058
-0.806058
0.000000
-1.168094
-1.168094
0.559755
1.860435
1.860435
-1.069194
-1.069194
-1.092748
0.000000
0.000000
0.000000
0.000000
-1.513218
-1.513218
-0.267652
-1.186477
1.695770
1.695770
0.000000
-0.339889
-0.339889
-0.038683
-1.818191
-1.818191
0.000000
-1.032514
0.085545
0.555787
0.555787
0.000000
-0.609524
-0.609524
-0.898569
0.372534
0.372534
0.000000
-0.670130
0.977220
-1.275084
-1.275084
0.000000
0.833814
0.833814
-0.966303
0.248367
0.248367
0.000000
-0.263303
-0.263303
0.000000
-0.460916
-0.460916
0.300381
0.625331
0.625331
-1.168056
-1.168056
0.578737
0.000000
0.000000
nan
nan
-2.617098
-2.617098
-2.012971
-2.262498
0.633076
0.633076
0.000000
-0.237886
-0.237886
0.347418
1.246036
1.246036
0.000000
0.076031
0.091546
1.323147
1.323147
0.000000
-0.436375
-0.436375
0.429790
1.665186
1.665186
0.000000
-0.701541
0.203113
-1.405420
-1.405420
0.000000
0.061239
0.061239
0.382904
1.670724
1.670724
0.000000
-1.121383
-1.121383
0.000000
0.594028
0.594028
-0.348952
0.530552
0.530552
0.938121
0.938121
0.161031
0.000000
0.000000
0.000000
0.000000
1.068985
1.068985
1.159583
1.082471
0.730905
0.730905
0.000000
-1.157530
-1.157530
0.833413
1.775427
1.775427
0.000000
0.394038
-0.013396
-1.869644
-1.869644
0.000000
0.733903
0.733903
2.110085
1.464489
1.464489
0.000000
2.275296
-0.401659
0.402984
0.402984
0.000000
-0.024223
-0.024223
-0.226983
-2.334982
-2.334982
0.000000
0.801126
0.801126
0.000000
0.367516
0.367516
0.133848
-1.170983
-1.170983
-0.492145
-0.492145
0.182330
0.000000
0.000000
0.000000
0.000000
1.546335
1.546335
0.149313
1.310105
-1.890024
-1.890024
0.000000
-0.169456
-0.169456
0.788325
1.880088
1.880088
0.000000
1.846695
-0.314055
-0.205491
-0.205491
0.000000
-0.461543
-0.461543
-1.004268
-2.264862
-2.264862
0.000000
0.105571
-0.177241
0.995452
0.995452
0.000000
1.025730
1.025730
-0.076974
1.060383
1.060383
0.000000
-0.047621
-0.047621
0.000000
0.159486
0.159486
-1.483506
-0.952842
-0.952842
0.497464
0.497464
0.594522
0.000000
0.000000
0.000000
0.000000
1.678473
1.678473
1.531810
0.957037
-0.441107
-0.441107
0.000000
1.316727
1.316727
-0.290787
-2.590105
-2.590105
0.000000
-0.787352
-1.867181
1.518234
1.518234
0.000000
0.094021
0.094021
-1.367042
1.468640
1.468640
0.000000
-0.597352
-0.181548
1.227938
1.227938
0.000000
0.790844
0.790844
-0.019736
1.693359
1.693359
0.000000
-0.666554
-0.666554
0.000000
-0.057622
-0.057622
-0.314436
-0.891978
-0.891978
0.203868
0.203868
1.100663
0.000000
0.000000
0.000000
0.000000
0.000000
0.000000
0.000000
0.000000
0.000000
0.000000
0.000000
0.000000
0.000000
0.000000
0.760615
0.760615
-0.031060
0.101680
0.427375
0.427375
0.000000
1.815742
1.815742
-1.771864
-0.438679
-0.438679
0.000000
-0.221454
-1.148456
0.639064
0.639064
0.000000
-0.233639
-0.233639
0.509977
-0.862529
-0.862529
0.000000
-0.182273
0.210239
-0.061760
-0.061760
0.000000
0.881789
0.881789
-1.363187
-0.660710
-0.660710
0.000000
-0.718005
-0.718005
0.000000
-0.645726
-0.645726
1.038667
-2.266801
-2.266801
0.560360
0.560360
0.363607
0.000000
0.000000
0.000000
0.000000
-0.442377
-0.442377
-0.770534
-0.314477
0.376528
0.376528
0.000000
-0.709946
-0.709946
0.848694
-0.703306
-0.703306
0.000000
0.159535
-0.575106
0.312341
0.312341
0.000000
0.690261
0.690261
-0.000843
-0.243685
-0.243685
0.000000
-0.765545
1.101900
1.604825
1.604825
0.000000
1.367951
1.367951
-0.370946
0.860068
0.860068
0.000000
-0.659127
-0.659127
0.000000
-0.561329
-0.561329
1.166133
0.139504
0.139504
-0.716502
-0.716502
0.449423
0.000000
0.000000
0.000000
0.000000
-0.985267
-0.985267
0.186405
-0.893883
0.881543
0.881543
0.000000
-1.741967
-1.741967
1.401054
0.122703
0.122703
0.000000
-0.038174
-0.424927
0.716379
0.716379
0.000000
-0.082627
-0.082627
-1.574919
1.096268
1.096268
0.000000
-0.548535
-1.227148
-1.993672
-1.993672
0.000000
0.042333
0.042333
0.109116
-0.354120
-0.354120
0.000000
0.625840
0.625840
0.000000
-0.589804
-0.589804
-1.090762
0.100951
0.100951
1.864764
1.864764
-0.073181
0.000000
0.000000
0.000000
0.000000
-0.358248
-0.358248
-0.639284
-0.459653
-0.015811
-0.015811
0.000000
-0.907930
-0.907930
-0.267896
1.375997
1.375997
0.000000
-0.077374
1.543406
-0.251831
-0.251831
0.000000
-1.448481
-1.448481
0.820182
-0.246986
-0.246986
0.000000
-0.869220
-0.926568
1.427881
1.427881
0.000000
0.952022
0.952022
-0.958216
-0.951022
-0.951022
0.000000
0.700746
0.700746
0.000000
-1.053723
-1.053723
-0.611686
0.665701
0.665701
-1.017042
-1.017042
-0.514260
0.000000
0.000000
0.000000
0.000000
-1.291746
-1.291746
-0.235418
-0.039551
-0.744531
-0.744531
0.000000
0.136044
0.136044
-0.457026
-0.586115
-0.586115
0.000000
-0.958296
0.866133
-0.527079
-0.527079
0.000000
-2.010704
-2.010704
0.647280
-0.198633
-0.198633
0.000000
0.779765
-0.754621
-0.372931
-0.372931
0.000000
0.796648
0.796648
0.397298
1.655486
1.655486
0.000000
-1.332911
-1.332911
0.000000
0.259760
0.259760
-0.478445
-0.800281
-0.800281
-0.549972
-0.549972
-0.183235
0.000000
0.000000
0.000000
0.000000
-0.258576
-0.258576
-0.340274
0.135645
0.335850
0.335850
0.000000
1.961270
1.961270
-2.229069
-0.620798
-0.620798
0.000000
0.285303
-0.432433
0.611958
0.611958
0.000000
-0.321396
-0.321396
-0.315012
1.686408
1.686408
0.000000
-0.505135
1.615987
1.954266
1.954266
0.000000
0.308613
0.308613
-0.578555
-1.344814
-1.344814
0.000000
-0.167880
-0.167880
0.000000
-1.122264
-1.122264
-0.778170
0.651121
0.651121
1.735282
1.735282
0.124834
0.000000
0.000000
nan
nan
-0.261166
-0.261166
-0.963352
-0.407867
1.033755
1.033755
0.000000
-0.528206
-0.528206
1.011564
1.824568
1.824568
0.000000
-0.066515
-0.638409
-1.320857
-1.320857
0.000000
0.590425
0.590425
1.076413
-1.316141
-1.316141
0.000000
0.502129
0.649687
1.110552
1.110552
0.000000
0.345940
0.345940
0.930930
-0.402667
-0.402667
0.000000
0.065330
0.065330
0.000000
1.125195
1.125195
1.016607
0.370061
0.370061
-0.481174
-0.481174
-0.621000
0.000000
0.000000
0.000000
0.000000
1.633875
1.633875
-1.665368
0.002752
-1.776515
-1.776515
0.000000
0.842794
0.842794
0.152125
-1.245993
-1.245993
0.000000
1.302183
-0.502480
-0.597542
-0.597542
0.000000
0.494053
0.494053
0.749023
-0.476661
-0.476661
0.000000
-0.366782
0.570483
-1.370429
-1.370429
0.000000
-0.121104
-0.121104
-0.108943
-0.106403
-0.106403
0.000000
1.761486
1.761486
0.000000
0.148736
0.148736
-0.813991
0.607632
0.607632
-0.351108
-0.351108
0.810185
0.000000
0.000000
0.000000
0.000000
0.000000
0.000000
0.000000
0.000000
0.000000
nan
0.000000
0.000000
0.000000
0.000000
-0.220486
-0.220486
-0.447975
-0.319407
0.363541
0.363541
0.000000
0.065891
0.065891
0.209543
1.418019
1.418019
0.000000
-0.545277
-1.470935
-1.673569
-1.673569
0.000000
1.945141
1.945141
0.117389
-0.671270
-0.671270
0.000000
1.829299
-0.636539
0.993084
0.993084
0.000000
-0.585961
-0.585961
0.035449
0.607567
0.607567
0.000000
1.551271
1.551271
0.000000
0.092684
0.092684
2.221456
1.774271
1.774271
0.815983
0.815983
-0.919720
0.000000
0.000000
0.000000
0.000000
1.099321
1.099321
-0.080842
0.341117
-0.242654
-0.242654
0.000000
-0.143592
-0.143592
0.025745
-0.598029
-0.598029
0.000000
0.503594
-0.004527
0.578918
0.578918
0.000000
-0.695037
-0.695037
0.178017
0.876373
0.876373
0.000000
-1.192783
-1.722283
1.363782
1.363782
0.000000
-1.437182
-1.437182
-0.945925
0.151206
0.151206
0.000000
0.782930
0.782930
0.000000
0.198303
0.198303
0.556106
0.510105
0.510105
0.412812
0.412812
-1.033173
0.000000
0.000000
nan
nan
-0.598636
-0.598636
-0.905350
-1.020372
0.335282
0.335282
0.000000
-0.300509
-0.300509
0.663839
0.759287
0.759287
0.000000
0.167134
-0.199890
0.091114
0.091114
0.000000
0.354496
0.354496
0.501521
-0.373587
-0.373587
0.000000
-0.550192
0.097033
0.982626
0.982626
0.000000
0.433388
0.433388
-0.300801
0.629641
0.629641
0.000000
0.487655
0.487655
0.000000
-0.207912
-0.207912
-0.470735
-0.273095
-0.273095
1.942822
1.942822
1.085917
0.000000
0.000000
0.000000
0.000000
0.536157
0.536157
0.188082
0.251280
0.871034
0.871034
0.000000
-0.211164
-0.211164
0.365088
-0.287758
-0.287758
0.000000
-0.368632
-0.380999
0.325676
0.325676
0.000000
0.732712
0.732712
-0.247850
1.088462
1.088462
0.000000
-0.542230
0.081734
0.307100
0.307100
0.000000
-1.672714
-1.672714
0.438131
-0.395977
-0.395977
0.000000
-0.330412
-0.330412
0.000000
-0.154609
-0.154609
-0.593981
-0.730422
-0.730422
0.715722
0.715722
0.110792
0.000000
0.000000
0.000000
0.000000
0.748606
0.748606
-0.403264
0.838020
-0.914540
-0.914540
0.000000
-0.786349
-0.786349
0.720718
1.314238
1.314238
0.000000
1.986442
-0.951601
0.537861
0.537861
0.000000
-0.773419
-0.773419
1.803735
0.270801
0.270801
0.000000
0.490736
-0.962454
-0.598687
-0.598687
0.000000
-0.658640
-0.658640
-1.324807
-0.458800
-0.458800
0.000000
0.381277
0.381277
0.000000
-0.900564
-0.900564
-0.187671
-1.335366
-1.335366
-2.176445
-2.176445
-0.043856
0.000000
0.000000
0.000000
0.000000
1.207215
1.207215
0.165164
0.444953
0.214956
0.214956
0.000000
-0.222081
-0.222081
0.035910
-0.170133
-0.170133
0.000000
-0.879456
-0.182047
0.052129
0.052129
0.000000
-1.629753
-1.629753
-0.419808
-0.381158
-0.381158
0.000000
-0.804204
-0.207131
-1.308875
-1.308875
0.000000
2.303675
2.303675
-1.003373
0.627054
0.627054
0.000000
0.027252
0.027252
0.000000
0.096699
0.096699
-0.197363
0.002755
0.002755
-1.898958
-1.898958
0.420460
0.000000
0.000000
0.000000
0.000000
-0.145086
-0.145086
-1.206144
-0.738458
1.361876
1.361876
0.000000
1.142909
1.142909
-0.878721
-0.782621
-0.782621
0.000000
-0.342085
-2.103625
-0.882331
-0.882331
0.000000
-1.115429
-1.115429
1.424235
0.731482
0.731482
0.000000
0.250796
0.833934
-1.846729
-1.846729
0.000000
-1.214229
-1.214229
0.969572
1.318090
1.318090
0.000000
0.031050
0.031050
0.000000
0.462775
0.462775
-0.401361
0.021275
0.021275
1.068176
1.068176
-0.850045
0.000000
0.000000
0.000000
0.000000
-0.515187
-0.515187
0.530608
0.007193
0.882799
0.882799
0.000000
-0.382889
-0.382889
1.131285
0.802916
0.802916
0.000000
-0.641664
1.423813
-0.129614
-0.129614
0.000000
-1.223361
-1.223361
0.953546
1.207108
1.207108
0.000000
-0.458748
0.344706
-0.143893
-0.143893
0.000000
0.114043
0.114043
-0.148457
0.056356
0.056356
0.000000
1.196658
1.196658
0.000000
-0.456651
-0.456651
-2.076402
-0.192240
-0.192240
-0.129490
-0.129490
0.248469
0.000000
0.000000
0.000000
0.000000
0.000000
0.000000
0.000000
0.000000
0.000000
0.000000
0.000000
0.000000
0.000000
0.000000
-1.080183
-1.080183
0.373932
-0.953653
0.362121
0.362121
0.000000
0.728470
0.728470
0.720011
0.516798
0.516798
0.000000
-0.935665
-0.593004
0.430690
0.430690
0.000000
-0.292875
-0.292875
-1.316431
0.293210
0.293210
0.000000
1.580772
-0.610720
-1.515278
-1.515278
0.000000
1.604809
1.604809
0.182305
0.130686
0.130686
0.000000
0.884101
0.884101
0.000000
-1.175222
-1.175222
-1.170489
-0.378280
-0.378280
0.390524
0.390524
1.676028
0.000000
0.000000
0.000000
0.000000
0.293845
0.293845
0.070915
-0.318115
-1.788442
-1.788442
0.000000
-0.776033
-0.776033
0.496209
0.133038
0.133038
0.000000
0.885811
-0.589665
-0.547282
-0.547282
0.000000
-0.204132
-0.204132
0.153880
0.525157
0.525157
0.000000
1.097039
-0.424519
-1.290145
-1.290145
0.000000
0.090092
0.090092
-0.389834
-1.124163
-1.124163
0.000000
-0.005731
-0.005731
0.000000
-1.959366
-1.959366
-0.911482
0.152943
0.152943
-0.334977
-0.334977
-0.116985
0.000000
0.000000
0.000000
0.000000
0.125459
0.125459
0.130508
-0.127740
-0.163954
-0.163954
0.000000
-0.084166
-0.084166
0.285321
0.555702
0.555702
0.000000
0.355655
-0.177445
-2.297353
-2.297353
0.000000
-1.793034
-1.793034
1.210713
-0.851967
-0.851967
0.000000
0.116075
0.177766
0.743746
0.743746
0.000000
-2.170341
-2.170341
0.549917
0.785158
0.785158
0.000000
-0.795555
-0.795555
0.000000
-1.936252
-1.936252
-1.571283
-1.294920
-1.294920
2.835954
2.835954
0.602036
0.000000
0.000000
0.000000
0.000000
0.382539
0.382539
0.530338
-0.111330
0.955935
0.955935
0.000000
-2.015367
-2.015367
1.885539
-0.951042
-0.951042
0.000000
-0.643757
-0.715090
0.161038
0.161038
0.000000
0.616245
0.616245
-1.266999
0.608105
0.608105
0.000000
0.538090
-0.542619
1.274333
1.274333
0.000000
1.982779
1.982779
-0.693693
0.051176
0.051176
0.000000
0.494929
0.494929
0.000000
-0.131283
-0.131283
-1.612534
0.577375
0.577375
0.265548
0.265548
2.093066
0.000000
0.000000
0.000000
0.000000
1.195619
1.195619
-0.297466
-0.143317
0.242551
0.242551
0.000000
-0.514135
-0.514135
1.159293
1.388658
1.388658
0.000000
-0.477662
1.029153
-0.561202
-0.561202
0.000000
-0.036508
-0.036508
0.564890
-0.655855
-0.655855
0.000000
0.943707
-0.139710
-0.257142
-0.257142
0.000000
0.675533
0.675533
0.955751
0.665751
0.665751
0.000000
-0.375044
-0.375044
0.000000
-0.320530
-0.320530
-1.659995
-1.138375
-1.138375
0.254473
0.254473
-2.131905
0.000000
0.000000
0.000000
0.000000
1.655300
1.655300
-0.002849
0.621433
-0.544035
-0.544035
0.000000
0.754235
0.754235
-0.873956
-0.661871
-0.661871
0.000000
-0.116297
-1.724935
-0.407405
-0.407405
0.000000
-0.780034
-0.780034
1.177304
1.184608
1.184608
0.000000
-1.700854
-0.080641
-0.629153
-0.629153
0.000000
-0.195858
-0.195858
0.632369
0.733917
0.733917
0.000000
-0.914687
-0.914687
0.000000
0.911726
0.911726
0.937702
0.951531
0.951531
-0.667281
-0.667281
1.668157
0.000000
0.000000
0.000000
0.000000
-0.653583
-0.653583
-0.304733
-0.842964
1.285805
1.285805
0.000000
0.647765
0.647765
-0.676054
0.933241
0.933241
0.000000
-1.025861
0.809014
-0.024227
-0.024227
0.000000
-0.358425
-0.358425
0.065237
1.162431
1.162431
0.000000
-1.054565
-0.613885
-0.627418
-0.627418
0.000000
-1.401641
-1.401641
2.189409
1.545233
1.545233
0.000000
-0.873118
-0.873118
0.000000
1.412142
1.412142
-0.541174
-0.289004
-0.289004
2.171819
2.171819
-1.207144
0.000000
0.000000
0.000000
0.000000
0.995494
0.995494
1.547969
0.651590
1.471708
1.471708
0.000000
-0.359897
-0.359897
0.139017
1.057493
1.057493
0.000000
-0.038352
-0.784833
-1.274222
-1.274222
0.000000
0.759061
0.759061
-1.010270
1.288165
1.288165
0.000000
0.617430
-0.626965
0.700586
0.700586
0.000000
-0.220002
-0.220002
0.379023
-0.569767
-0.569767
0.000000
0.845597
0.845597
0.000000
-0.333903
-0.333903
0.566689
-0.895236
-0.895236
-0.344282
-0.344282
-0.714795
0.000000
0.000000
0.000000
0.000000
nan
0.000000
0.000000
0.000000
0.000000
0.000000
0.000000
0.000000
0.000000
0.277477
0.277477
1.536593
1.339014
-1.333781
-1.333781
0.000000
-0.414339
-0.414339
-0.164489
0.646635
0.646635
0.000000
0.226280
0.333312
1.295687
1.295687
0.000000
-0.252903
-0.252903
1.234945
-0.131124
-0.131124
0.000000
0.891766
0.215113
-1.789496
-1.789496
0.000000
0.095154
0.095154
0.199438
-0.263933
-0.263933
0.000000
0.320476
0.320476
0.000000
-0.047748
-0.047748
-2.137834
-0.646442
-0.646442
1.079208
1.079208
0.551051
0.000000
0.000000
0.000000
0.000000
0.385393
0.385393
0.338484
0.421742
-0.224856
-0.224856
0.000000
-0.206656
-0.206656
-0.309936
-0.327699
-0.327699
0.000000
1.216819
-0.043680
-0.216265
-0.216265
0.000000
-2.145941
-2.145941
2.730910
0.080678
0.080678
0.000000
-0.763704
0.892799
0.111721
0.111721
0.000000
0.612348
0.612348
-1.802744
-0.078462
-0.078462
0.000000
-1.291260
-1.291260
0.000000
-1.765335
-1.765335
-0.351291
0.645387
0.645387
0.354042
0.354042
0.368088
0.000000
0.000000
0.000000
0.000000
-0.107039
-0.107039
-1.807995
-0.575941
-0.316222
-0.316222
0.000000
0.335919
0.335919
-1.056042
-0.482394
-0.482394
0.000000
2.183089
-1.041752
-1.029830
-1.029830
0.000000
1.030574
1.030574
-0.015003
0.208623
0.208623
0.000000
0.103819
-1.429793
-0.580305
-0.580305
0.000000
-0.647134
-0.647134
-2.225616
0.409798
0.409798
0.000000
-0.940298
-0.940298
0.000000
-1.051444
-1.051444
1.021351
1.344370
1.344370
-0.095762
-0.095762
-0.080097
0.000000
0.000000
nan
nan
-0.218979
-0.218979
0.717375
0.455830
0.668666
0.668666
0.000000
0.410428
0.410428
-0.645161
0.092905
0.092905
0.000000
-0.800488
-0.160517
-1.916351
-1.916351
0.000000
-0.151589
-0.151589
-0.139420
0.504679
0.504679
0.000000
0.976952
-0.656444
-0.235224
-0.235224
0.000000
1.843240
1.843240
-0.238113
-0.512589
-0.512589
0.000000
0.545567
0.545567
0.000000
1.922038
1.922038
0.065325
-0.550217
-0.550217
1.922945
1.922945
-0.259419
0.000000
0.000000
nan
nan
-0.606599
-0.606599
-1.251916
-0.628542
-1.347519
-1.347519
1.015332
1.015332
0.108047
1.459347
1.459347
0.000000
0.000000
0.368270
-1.091714
-1.091714
0.418262
0.418262
0.000000
0.528479
2.116021
2.116021
0.000000
0.000000
1.432098
0.559954
0.559954
-0.644754
-0.644754
0.000000
0.337275
-0.308769
-0.308769
0.000000
0.000000
0.000000
-0.779784
-0.779784
0.000000
0.463029
-1.026320
-1.026320
-1.110914
-1.110914
-0.349913
0.000000
0.000000
nan
nan
1.451068
1.451068
0.242565
0.425704
0.866221
0.866221
-1.168397
-1.168397
0.354187
1.919851
1.919851
0.000000
0.000000
-1.909016
0.003521
0.003521
0.190994
0.190994
0.000000
0.454882
-0.576616
-0.576616
0.000000
0.000000
-0.673216
0.007972
0.007972
0.042480
0.042480
0.000000
-0.658305
-0.634132
-0.634132
0.000000
0.000000
0.000000
0.537553
0.537553
0.000000
-0.383148
-0.802130
-0.802130
1.241865
1.241865
0.671075
0.000000
0.000000
0.000000
0.000000
1.985444
1.985444
-0.048356
1.050065
0.926933
0.926933
0.720801
0.720801
0.464332
-0.532227
-0.532227
0.000000
0.000000
-0.759884
-2.036788
-2.036788
-0.516322
-0.516322
0.000000
-0.471137
-0.554412
-0.554412
0.000000
0.000000
-0.515656
0.544801
0.544801
1.295430
1.295430
0.000000
1.250933
1.462740
1.462740
0.000000
0.000000
0.000000
-1.233976
-1.233976
0.000000
-0.151486
-0.122527
-0.122527
0.000000
0.130317
0.130317
-0.107546
0.000000
0.000000
0.000000
0.000000
-0.608949
-0.608949
-1.297297
-0.569824
-0.872595
-0.872595
-0.372768
-0.372768
0.062956
-0.705294
-0.705294
0.000000
0.000000
-1.346125
-0.018364
-0.018364
-0.331848
-0.331848
0.000000
-0.544443
1.590769
1.590769
0.000000
0.000000
-0.265395
-0.857243
-0.857243
0.100777
0.100777
0.000000
-1.517750
2.200921
2.200921
0.000000
0.000000
0.000000
0.229720
0.229720
0.000000
0.515057
1.537063
1.537063
-0.057953
-0.057953
0.000000
-1.566527
-1.566527
-0.762190
-0.762190
0.745215
0.745215
0.000000
-0.329062
-0.329062
0.000000
0.000000
0.333650
0.333650
0.499531
0.499531
0.000000
-0.324485
-0.324485
0.000000
0.000000
-0.730175
-0.730175
-0.646091
-0.646091
0.000000
-0.314833
-0.314833
0.000000
0.000000
0.575948
0.575948
-1.780731
-1.780731
0.000000
-0.153156
-0.153156
0.000000
0.989158
0.989158
-0.517977
-0.517977
0.000000
-0.139701
-0.139701
0.000000
0.000000
-0.858792
-0.858792
0.340485
0.340485
0.000000
-0.139977
-0.139977
0.000000
0.000000
-0.987191
-0.987191
0.138079
0.138079
0.000000
-0.160344
-0.160344
0.000000
0.000000
0.031464
0.031464
-0.485357
-0.485357
0.000000
0.064992
0.064992
0.000000
0.145154
0.145154
0.516352
0.516352
0.000000
0.049589
0.049589
0.000000
0.000000
0.425831
0.425831
1.191929
1.191929
0.000000
0.032987
0.032987
0.000000
0.000000
-0.415817
-0.415817
1.119928
1.119928
0.000000
-0.041679
-0.041679
0.000000
0.000000
0.999780
0.999780
0.767810
0.767810
0.000000
1.771857
1.771857
0.000000
-0.362303
-0.362303
0.635176
0.635176
0.000000
1.790514
1.790514
0.000000
0.000000
-0.723999
-0.723999
-1.056566
-1.056566
0.000000
1.767109
1.767109
0.000000
0.000000
1.608679
1.608679
1.050024
1.050024
0.000000
1.773879
1.773879
0.000000
0.000000
-0.478162
-0.478162
-0.159535
0.000000
0.000000
0.000000
0.000000
0.000000
0.000000
0.000000
0.000000
0.000000
0.000000
0.000000
0.000000
0.000000
3.836473
0.000000
0.000000
0.000000
0.000000
