3
4
5
6
7
8
9
10
11
12
13
14
15
16
17
18
19
20
21
22
38
47
56
65
74
83
92
101
110
119
128
137
146
155
164
173
174
175
176
177
178
179
180
181
182
183
184
185
186
187
188
226
227
228
229
234
235
236
237
238
239
240
241
242
243
244
245
246
253
255
257
270
272
274
276
282
289
294
301
311
319
325
331
335
342
347
354
364
372
378
384
388
395
400
407
417
425
431
437
441
448
453
460
470
478
484
490
491
493
495
497
498
499
500
501
502
503
504
506
508
509
510
511
512
513
514
515
516
517
518
524
527
535
536
539
547
548
551
559
560
563
571
572
575
583
584
587
595
596
599
607
608
611
619
620
623
631
632
635
643
644
647
655
656
659
667
668
671
679
680
683
691
692
695
703
704
707
715
716
717
718
719
720
721
722
723
724
725
726
727
728
729
730
731
732
733
734
735
737
747
748
758
759
769
770
780
781
782
783
784
785
786
787
788
789
790
791
792
793
794
795
796
797
800
811
813
824
826
837
839
850
851
852
853
854
855
857
858
859
860
861
862
863
864
865
866
867
869
